time,flux
0.0,1.0005485342059306
0.013706853426713355,1.0027151511146983
0.02741370685342671,0.999352158511135
0.041120560280140064,0.997661113243518
0.05482741370685342,0.9970155263256645
0.06853426713356678,0.9983864094232998
0.08224112056028013,1.0016442674911277
0.09594797398699349,0.999971411564123
0.10965482741370684,0.9968745621905413
0.1233616808404202,0.9991353488491649
0.13706853426713356,0.9991106883501351
0.1507753876938469,0.9967882379831368
0.16448224112056026,0.9995186086691418
0.1781890945472736,0.9992836990033508
0.19189594797398699,0.9980890755803051
0.20560280140070034,1.0036239756521173
0.21930965482741369,0.9984968809381195
0.23301650825412704,1.0002192504765084
0.2467233616808404,1.0023239968799356
0.26043021510755376,0.9996876362718664
0.2741370685342671,1.0003853737767776
0.28784392196098046,0.9988950172544713
0.3015507753876938,1.0001181670847035
0.31525762881440716,1.0018730631131656
0.3289644822411205,0.9975635422548822
0.34267133566783387,1.001306751226218
0.3563781890945472,0.998869956723091
0.3700850425212606,0.9985594805758252
0.38379189594797397,0.9996897852759823
0.3974987493746873,0.9966501250886816
0.41120560280140067,1.0007309353524996
0.424912456228114,1.001848046483155
0.43861930965482737,1.0012225969327944
0.4523261630815407,1.0003177127052019
0.46603301650825407,0.9989633684534841
0.4797398699349674,1.0012636750996582
0.4934467233616808,0.9992284804927085
0.5071535767883941,0.9992600037068098
0.5208604302151075,0.9992790028936103
0.5345672836418208,1.0018952190764665
0.5482741370685342,1.0003667589623928
0.5619809904952475,0.9997528975181029
0.5756878439219609,0.9955171713198718
0.5893946973486743,1.0001167171569032
0.6031015507753876,0.9995560956907941
0.616808404202101,0.9967809827789752
0.6305152576288143,1.0011902881996733
0.6442221110555277,1.0004883074380773
0.657928964482241,1.0022481031680945
0.6716358179089544,0.9992063994220745
0.6853426713356677,1.0023532531290351
0.6990495247623811,0.9979400533098294
0.7127563781890944,0.9988211226580166
0.7264632316158078,1.0040189984009449
0.7401700850425212,1.0020849648564087
0.7538769384692345,0.9996764095722301
0.7675837918959479,0.9998463599081722
0.7812906453226612,1.0014263281458637
0.7949974987493746,0.9996489716644886
0.8087043521760879,1.0029635772512182
0.8224112056028013,0.9974919127969568
0.8361180590295146,1.0017381729496757
0.849824912456228,0.9994813197282074
0.8635317658829413,1.0001908557591594
0.8772386193096547,1.000687622024779
0.8909454727363681,0.9999371155475176
0.9046523261630814,0.9976244530528516
0.9183591795897948,0.9971370941451934
0.9320660330165081,0.9983798999715303
0.9457728864432215,0.9994763208189523
0.9594797398699348,1.00022482128208
0.9731865932966483,0.9999306214391224
0.9868934467233615,1.0026675836030392
1.000600300150075,0.996527087796946
1.0143071535767882,1.001030314831255
1.0280140070035018,0.9957728053846726
1.041720860430215,0.9962092515499339
1.0554277138569284,1.0045918138454073
1.0691345672836416,1.0000702321103505
1.0828414207103552,1.0007249146439516
1.0965482741370685,1.002603429778503
1.1102551275637818,1.0027429273113506
1.123961980990495,0.9984266475051049
1.1376688344172086,0.9985350912402796
1.1513756878439219,1.0029489389187958
1.1650825412706352,1.000218712831463
1.1787893946973487,1.0010420971889753
1.192496248124062,0.9999414185976527
1.2062031015507753,1.0002315485035775
1.2199099549774886,0.9965068691145382
1.233616808404202,1.0016278130054137
1.2473236618309154,0.9983651542770177
1.2610305152576287,0.9988276756076885
1.274737368684342,0.9993718864716088
1.2884442221110555,0.9951944567482202
1.3021510755377688,0.9988186535743155
1.315857928964482,0.9956166390036785
1.3295647823911956,1.0003799971145635
1.3432716358179089,0.998501315762453
1.3569784892446222,1.0015988644005842
1.3706853426713355,0.9981530104135579
1.384392196098049,0.9974240049820063
1.3980990495247623,0.99944837951459
1.4118059029514756,1.0001825353309808
1.4255127563781889,1.001729934248121
1.4392196098049024,1.0022515203233457
1.4529264632316157,1.000705076621498
1.466633316658329,0.999096578937574
1.4803401700850425,1.00014394445845
1.4940470235117558,1.0006997365887829
1.507753876938469,0.9997809152098972
1.5214607303651824,1.0014999023039517
1.5351675837918959,0.9952924955340734
1.5488744372186092,0.9981410250580706
1.5625812906453225,1.0006260836062963
1.5762881440720358,1.0007482112263102
1.5899949974987493,0.9979911688463305
1.6037018509254626,0.9999520464736622
1.6174087043521759,0.9979967241741026
1.6311155577788894,1.0014004506082048
1.6448224112056027,1.003659663174337
1.658529264632316,1.0005024968857874
1.6722361180590293,1.0032220656922823
1.6859429714857428,1.0000964606710647
1.699649824912456,0.9975202614842305
1.7133566783391694,0.9964908743647243
1.7270635317658827,0.9986646898708018
1.7407703851925962,0.9995581347475779
1.7544772386193095,0.9993887111757811
1.7681840920460228,1.000115592069847
1.7818909454727363,1.0020220159580955
1.7955977988994496,1.0010508192614405
1.8093046523261629,1.0005342093020573
1.8230115057528762,1.001109238286831
1.8367183591795897,1.0017019896372004
1.850425212606303,1.0005552712864147
1.8641320660330163,0.9980819870374299
1.8778389194597296,0.9987992367017776
1.891545772886443,0.9987968172900261
1.9052526263131564,1.0011365688691036
1.9189594797398697,0.9987580579337411
1.9326663331665832,0.9986095212392196
1.9463731865932965,0.9997173176888864
1.9600800400200098,0.9985339761086054
1.973786893446723,0.9996878388589575
1.9874937468734366,1.00032057796927
2.00120060030015,0.9990030756848435
2.014907453726863,1.0011232835589434
2.0286143071535765,0.998282625710263
2.04232116058029,0.9955729979851646
2.0560280140070035,0.9996601227717636
2.069734867433717,1.0004710023386723
2.08344172086043,1.0006175493571439
2.0971485742871434,1.001959339750314
2.1108554277138567,1.0008904464881914
2.12456228114057,1.005044977557836
2.1382691345672833,1.0025603793696245
2.1519759879939966,1.0005537911639855
2.1656828414207103,0.9979930586546042
2.1793896948474236,1.0001141269254772
2.193096548274137,0.9999726140887145
2.20680340170085,1.0026560594947942
2.2205102551275635,1.0029799414217506
2.234217108554277,0.9997802965520425
2.24792396198099,1.0002275927662907
2.261630815407704,1.0016617477963383
2.275337668834417,0.9994159511469691
2.2890445222611304,0.9992617684886964
2.3027513756878437,0.9999863491195028
2.316458229114557,0.9973732264346372
2.3301650825412703,1.0042181891708462
2.3438719359679836,1.0010269947700101
2.3575787893946973,1.001401050079468
2.3712856428214106,1.0008279041892671
2.384992496248124,1.002247773298935
2.3986993496748372,1.001204966368298
2.4124062031015505,1.0023173084332337
2.426113056528264,0.999693893498279
2.439819909954977,0.9998258167636097
2.4535267633816904,1.0018648830028298
2.467233616808404,0.9990573033160132
2.4809404702351174,0.9998492846210201
2.4946473236618307,1.003110183419676
2.508354177088544,0.9984696105580366
2.5220610305152573,0.9968026465605712
2.5357678839419706,1.0005168935450246
2.549474737368684,0.9998825820159398
2.5631815907953976,0.9985403502134795
2.576888444222111,0.9977516576176892
2.5905952976488242,1.0007973057011066
2.6043021510755375,0.9999741124721263
2.618009004502251,1.00401577092865
2.631715857928964,0.9973941635764527
2.6454227113556774,1.0015047277591167
2.659129564782391,1.0006207100237572
2.6728364182091044,1.0001843995989115
2.6865432716358177,1.0021018376509194
2.700250125062531,1.0008447329056975
2.7139569784892443,1.000113161151669
2.7276638319159576,0.9993121768893329
2.741370685342671,0.9970521111724091
2.755077538769384,1.0002274659021666
2.768784392196098,0.9991358969779948
2.7824912456228112,1.0023432455306502
2.7961980990495245,1.000078176600295
2.809904952476238,1.0002519845953566
2.823611805902951,1.0001651489180485
2.8373186593296644,1.0011093121576706
2.8510255127563777,0.996582625815825
2.8647323661830915,1.0009737876646219
2.8784392196098048,0.997506909653487
2.892146073036518,0.9942099263590004
2.9058529264632313,1.0008325908526823
2.9195597798899446,1.0021405607267826
2.933266633316658,1.0051569566596243
2.9469734867433712,0.998268414853904
2.960680340170085,0.9984391002337857
2.9743871935967983,1.0021159670450164
2.9880940470235116,1.0051350981364409
3.001800900450225,1.0024360986409127
3.015507753876938,1.001490070568571
3.0292146073036514,0.9982584315635714
3.0429214607303647,0.9984103072977586
3.056628314157078,1.0008015963158394
3.0703351675837918,1.0006486822432767
3.084042021010505,0.9990088449700602
3.0977488744372184,1.0008098105767012
3.1114557278639317,0.9998198718270089
3.125162581290645,0.9998634960193695
3.1388694347173582,0.9994643371442923
3.1525762881440715,0.9967239454339608
3.1662831415707853,1.0062210991471292
3.1799899949974986,1.0034377347800276
3.193696848424212,1.0036039533723433
3.207403701850925,1.0018506410104873
3.2211105552776385,0.998191911840751
3.2348174087043517,1.0027209757976394
3.248524262131065,1.002100215545947
3.262231115557779,0.9983416482078811
3.275937968984492,1.0035382913862159
3.2896448224112054,1.0000528819865413
3.3033516758379187,0.9992527413630259
3.317058529264632,1.0032349014561965
3.3307653826913453,1.0025468042912236
3.3444722361180586,0.9984173701443717
3.358179089544772,0.9983541427678482
3.3718859429714856,1.0005741592744308
3.385592796398199,1.0034669462411319
3.399299649824912,1.0012431976972527
3.4130065032516255,0.9981507303935414
3.4267133566783388,0.9997187950016524
3.440420210105052,0.9995060062795751
3.4541270635317654,1.0002339108344005
3.467833916958479,0.9982191856995913
3.4815407703851924,1.0019228316569648
3.4952476238119057,1.0012548937248693
3.508954477238619,1.0005045995667319
3.5226613306653323,1.0017542403264217
3.5363681840920456,0.9972187672992501
3.550075037518759,0.998680836711636
3.5637818909454726,1.0025133802435253
3.577488744372186,0.9978506266841101
3.591195597798899,0.9994526746996805
3.6049024512256125,0.9983054711303857
3.6186093046523258,1.003008530130719
3.632316158079039,1.0006864199604393
3.6460230115057524,1.0027155340876546
3.659729864932466,0.9997233275674681
3.6734367183591794,1.0010302895487717
3.6871435717858927,0.9971075653453774
3.700850425212606,0.9991869645448292
3.7145572786393193,0.9972834018902376
3.7282641320660326,0.998766941359015
3.741970985492746,0.9974463559858219
3.755677838919459,1.0000790864243576
3.769384692346173,1.0000313499517424
3.783091545772886,1.0012948446502181
3.7967983991995995,0.9990844991988556
3.810505252626313,0.9992946900224253
3.824212106053026,1.000275748079057
3.8379189594797394,1.0061559387713226
3.8516258129064527,1.0021326381741393
3.8653326663331664,0.99876498920482
3.8790395197598797,0.9995770689354632
3.892746373186593,1.00081827529608
3.9064532266133063,1.003716805091745
3.9201600800400196,1.0005986992335452
3.933866933466733,1.000457947710156
3.947573786893446,0.9995975580919454
3.96128064032016,0.9990437276348115
3.974987493746873,1.001107536032758
3.9886943471735865,1.0011943037269502
4.0024012006003,1.0032253936237898
4.016108054027013,0.9998635215899486
4.029814907453726,1.001375133823704
4.04352176088044,0.998711154064074
4.057228614307153,0.9967808047721844
4.070935467733866,1.0036578014694215
4.08464232116058,1.0013085137696718
4.098349174587293,0.9991519772911313
4.112056028014007,0.999668096489923
4.12576288144072,0.9984674761678836
4.139469734867434,0.9993295581504869
4.153176588294147,1.0020615256690109
4.16688344172086,1.001343031448485
4.1805902951475735,1.0023649858225745
4.194297148574287,0.9964759805108736
4.208004002001,1.0008178008259994
4.221710855427713,0.9998970037415521
4.235417708854427,0.9980757692741653
4.24912456228114,1.0008043254626309
4.262831415707853,1.0040809784706515
4.276538269134567,0.9996218021623293
4.29024512256128,1.0000090800289532
4.303951975987993,1.003557938369212
4.317658829414707,1.000369088161948
4.331365682841421,0.9991411171120065
4.345072536268134,1.0024174534146808
4.358779389694847,1.0008862261084441
4.3724862431215605,1.0011130813461708
4.386193096548274,1.0021584035902582
4.399899949974987,1.0039747786274287
4.4136068034017,0.9980632818439806
4.427313656828414,0.9989773720562112
4.441020510255127,1.0019454309963578
4.45472736368184,0.9985938597712893
4.468434217108554,1.0013314353138336
4.482141070535267,0.998676259619771
4.49584792396198,1.0103225457624658
4.5095547773886935,0.9985264164907942
4.523261630815408,0.9980024624852427
4.536968484242121,1.0022310176308467
4.550675337668834,1.0031543288767222
4.5643821910955475,1.0001368121756238
4.578089044522261,0.9999380844525656
4.591795897948974,1.0016866180828898
4.605502751375687,0.9992491490642086
4.619209604802401,1.0009807276010896
4.632916458229114,1.0001963007658983
4.646623311655827,0.998842630776848
4.660330165082541,0.9998586963556879
4.674037018509254,0.9997713779158847
4.687743871935967,1.001242239537146
4.7014507253626805,1.002429934423445
4.715157578789395,1.0022627030048383
4.728864432216108,0.99849453308983
4.742571285642821,0.9997471550877609
4.756278139069535,0.9975965375627529
4.769984992496248,1.002741266132869
4.783691845922961,1.0012575796994356
4.7973986993496744,1.0020303755049442
4.811105552776388,0.999444771016415
4.824812406203101,1.0010222928942563
4.838519259629814,0.9966177561698057
4.852226113056528,1.0012338903876088
4.865932966483241,1.0014974961202485
4.879639819909954,1.003493773741185
4.8933466733366675,1.0004583886418712
4.907053526763381,0.9981567654970055
4.920760380190095,0.9989807653510675
4.934467233616808,1.0009772688710743
4.948174087043522,0.9979048590791432
4.961880940470235,1.0013839369544084
4.975587793896948,1.000874543477116
4.9892946473236615,0.9974266401468515
5.003001500750375,1.0006229245013607
5.016708354177088,0.9984662586524482
5.030415207603801,0.9962729467879455
5.044122061030515,1.0010872369850634
5.057828914457228,1.000029206756826
5.071535767883941,1.0025105982706357
5.0852426213106545,1.0044442348924136
5.098949474737368,0.9989920377645617
5.112656328164081,1.0000440023206987
5.126363181590795,1.0025802040854264
5.140070035017509,1.0008588907590745
5.153776888444222,1.0002596191019948
5.167483741870935,0.9983299742845351
5.1811905952976485,1.0002852961886217
5.194897448724362,0.9976238303573733
5.208604302151075,0.9980061980233518
5.222311155577788,0.9965483367156986
5.236018009004502,0.998893187799792
5.249724862431215,1.0015319381071863
5.263431715857928,1.0010130474121806
5.2771385692846415,1.0019346350090195
5.290845422711355,0.995988038721743
5.304552276138068,1.0051972092634942
5.318259129564782,0.9991350888610296
5.331965982991496,1.000451771054643
5.345672836418209,0.9991786851003467
5.359379689844922,0.997855585133333
5.3730865432716355,0.9983143048387688
5.386793396698349,0.9977960364294415
5.400500250125062,1.000818097404522
5.414207103551775,1.0022206962416218
5.427913956978489,0.9987737515951807
5.441620810405202,1.0004996783151336
5.455327663831915,1.001434223266581
5.4690345172586285,0.9965402248577829
5.482741370685342,0.9991470389512859
5.496448224112055,0.9985315157420015
5.510155077538768,1.0015388321867424
5.523861930965483,1.000139893611111
5.537568784392196,0.999066756379965
5.551275637818909,0.9999340599026262
5.5649824912456225,1.0010300630376956
5.578689344672336,0.9986539644437533
5.592396198099049,0.9995534023835981
5.606103051525762,1.0004697272159668
5.619809904952476,1.0015576899421839
5.633516758379189,1.000061612584514
5.647223611805902,1.0003688845003413
5.660930465232616,0.9979951889775223
5.674637318659329,0.9983844471144286
5.688344172086042,0.9978967837926849
5.7020510255127554,1.000071317805895
5.71575787893947,0.997506344575721
5.729464732366183,0.9991248143171704
5.743171585792896,1.0008892288947706
5.7568784392196095,0.9964134846143794
5.770585292646323,0.9980716337851271
5.784292146073036,1.0035631498970567
5.797998999499749,1.003219805463463
5.811705852926463,1.0010001186868456
5.825412706353176,1.002057364601867
5.839119559779889,0.9978395227875104
5.852826413206603,0.9996234687008492
5.866533266633316,1.0001914316556746
5.880240120060029,1.0001001945991739
5.8939469734867425,1.0028397657811474
5.907653826913456,0.9996824385525818
5.92136068034017,0.9967188851534344
5.935067533766883,0.9969640358997971
5.9487743871935965,0.9998413771254261
5.96248124062031,0.9982027491485949
5.976188094047023,1.0025373754910958
5.989894947473736,0.9977087469865663
6.00360180090045,0.9993993751125596
6.017308654327163,0.9969153258416765
6.031015507753876,0.9974763902841537
6.04472236118059,0.9971747205473516
6.058429214607303,1.002251405390601
6.072136068034016,1.0013929301258593
6.0858429214607295,0.9992952810664997
6.099549774887443,0.9970122931300813
6.113256628314156,1.000069335432034
6.12696348174087,1.0026946187299524
6.1406703351675835,1.0025318983060325
6.154377188594297,0.9980383293058984
6.16808404202101,0.9955274235912914
6.181790895447723,0.9968231013388538
6.195497748874437,0.9975049458856946
6.20920460230115,0.9973584538981816
6.222911455727863,0.998069323918358
6.236618309154577,1.0021907304678594
6.25032516258129,1.001479578590841
6.264032016008003,1.0022524193637548
6.2777388694347165,0.9978608728639266
6.29144572286143,1.0026378764231314
6.305152576288143,1.0011985157741938
6.318859429714857,0.9984061676048734
6.3325662831415706,1.0007978625138139
6.346273136568284,0.9996021397483883
6.359979989994997,1.0034902738425706
6.37368684342171,0.9971575519353154
6.387393696848424,0.9992799437759796
6.401100550275137,1.001452297963825
6.41480740370185,0.9983986839896379
6.428514257128564,1.0008289651556792
6.442221110555277,0.9990659908945513
6.45592796398199,1.0015673170851331
6.4696348174087035,0.9977623769374658
6.483341670835417,0.9985586769132655
6.49704852426213,1.0010662004506221
6.510755377688843,1.0011338068182525
6.524462231115558,0.9989546903130379
6.538169084542271,1.001812223052652
6.551875937968984,0.9978927562993727
6.5655827913956974,1.0011278864435533
6.579289644822411,0.999110694588842
6.592996498249124,1.0016785872702547
6.606703351675837,0.9996245602231107
6.620410205102551,0.9994523815538452
6.634117058529264,0.9993206716325186
6.647823911955977,1.0009491915188073
6.6615307653826905,1.0012760168029422
6.675237618809404,1.0001291159632855
6.688944472236117,0.9960748174590766
6.70265132566283,1.0005534093386943
6.716358179089544,0.997980753792845
6.730065032516258,1.0007633174264763
6.743771885942971,0.9977252362372453
6.7574787393696845,1.0014693334445766
6.771185592796398,1.0009869356816288
6.784892446223111,0.997251526310189
6.798599299649824,0.9982955467764897
6.812306153076538,0.9998860623958722
6.826013006503251,0.9984911452486935
6.839719859929964,0.9994800492367366
6.8534267133566775,0.9976953822221121
6.867133566783391,0.9991824223759516
6.880840420210104,1.0004988126413854
6.894547273636817,0.9998155105226844
6.908254127063531,1.0028026961717873
6.921960980490245,0.9999596114560453
6.935667833916958,0.9992833301565637
6.9493746873436715,0.9984419986252941
6.963081540770385,1.001324202652557
6.976788394197098,1.0011843498926394
6.990495247623811,1.0020060624198897
7.004202101050525,1.002245162708071
7.017908954477238,0.9968828664621656
7.031615807903951,1.0004059716212683
7.0453226613306645,0.9998904921180752
7.059029514757378,1.0005742647166032
7.072736368184091,0.9985411537280617
7.086443221610804,1.0033182910240588
7.100150075037518,0.9997331407522808
7.113856928464231,0.9992705547423918
7.127563781890945,1.0007300090565787
7.1412706353176585,1.000053192385484
7.154977488744372,0.9996715360057744
7.168684342171085,0.9995236355739604
7.182391195597798,1.0011544843918356
7.196098049024512,0.9999417525151104
7.209804902451225,1.000097836956491
7.223511755877938,0.9970447523306151
7.2372186093046516,1.0000141003687104
7.250925462731365,0.99849157446009
7.264632316158078,0.9971010992093908
7.278339169584791,0.9954324784499109
7.292046023011505,0.997268837400849
7.305752876438218,0.9986778535889244
7.319459729864932,0.9977967731844282
7.3331665832916455,0.9958300582546327
7.346873436718359,0.9998897409162193
7.360580290145072,1.0011783975402015
7.374287143571785,0.9990523421241727
7.387993996998499,1.0004400840020329
7.401700850425212,0.9993794515793821
7.415407703851925,1.0006441364448315
7.429114557278639,0.9972907326582692
7.442821410705352,0.9998159803299546
7.456528264132065,1.000312639276299
7.4702351175587784,1.0021812249715054
7.483941970985492,0.9978154296463527
7.497648824412205,0.997036640068798
7.511355677838918,0.9987461793678505
7.5250625312656325,1.0046814500455437
7.538769384692346,1.0009417027605538
7.552476238119059,0.9997207902000209
7.566183091545772,1.0011038115928046
7.579889944972486,1.0022049569497613
7.593596798399199,1.0016602290503416
7.607303651825912,1.0005791206090389
7.621010505252626,0.9991760816109664
7.634717358679339,1.0016923877709025
7.648424212106052,0.9962091098581903
7.6621310655327655,1.0032806290801686
7.675837918959479,1.00180759826446
7.689544772386192,0.9973663799158475
7.703251625812905,1.000094267286082
7.716958479239619,0.9992456277920543
7.730665332666333,0.9985338243106479
7.744372186093046,1.0002317814147317
7.758079039519759,0.9989530376880866
7.771785892946473,1.00209476811797
7.785492746373186,1.0017998471003502
7.799199599799899,1.0007314757362482
7.812906453226613,0.9984967839667578
7.826613306653326,0.9986909025591396
7.840320160080039,0.9980201002797133
7.8540270135067525,1.0024716208335425
7.867733866933466,1.0016166418988008
7.881440720360179,1.002287111390815
7.895147573786892,0.9978006060596604
7.908854427213606,0.9998798442832478
7.92256128064032,1.0009756696100787
7.936268134067033,0.9988848991360554
7.949974987493746,0.9973091975025435
7.96368184092046,1.0035447510991742
7.977388694347173,0.9976334693868837
7.991095547773886,1.0022663855021745
8.0048024012006,0.995908487328996
8.018509254627313,1.0034124954154855
8.032216108054026,1.0021828632902674
8.04592296148074,1.0008311637738654
8.059629814907453,1.0033615180522477
8.073336668334166,0.9981506216426455
8.08704352176088,0.9992523021848968
8.100750375187593,1.0007936017030072
8.114457228614306,1.002215704652254
8.12816408204102,1.0012400148775746
8.141870935467733,0.9963198711822903
8.155577788894446,1.0032033317218103
8.16928464232116,1.002148979450162
8.182991495747872,0.9980922204273293
8.196698349174586,1.0002961265261445
8.210405202601299,0.9989678986328686
8.224112056028014,0.9991966818248214
8.237818909454727,1.001607148954729
8.25152576288144,1.0003437874204248
8.265232616308154,1.0022771778403388
8.278939469734867,0.998487103583196
8.29264632316158,0.9965023725854683
8.306353176588294,1.000816592490746
8.320060030015007,0.9998606289807784
8.33376688344172,0.9981908435522169
8.347473736868434,0.9997825527320164
8.361180590295147,1.0042000014188301
8.37488744372186,0.9998328819492998
8.388594297148574,0.9970140231473454
8.402301150575287,1.0036297672003818
8.416008004002,1.0015369809872352
8.429714857428714,1.0003307727627933
8.443421710855427,0.9991815298880157
8.45712856428214,1.0014113930776765
8.470835417708853,0.9990546399667761
8.484542271135567,1.0021534135240235
8.49824912456228,1.0030784646779902
8.511955977988993,0.9998445562045302
8.525662831415707,1.0004643632168821
8.53936968484242,1.0014303509308382
8.553076538269133,1.0009282475740813
8.566783391695846,1.003823282622598
8.58049024512256,0.9998976286349033
8.594197098549273,1.0011380933097838
8.607903951975986,0.9976799623557049
8.6216108054027,1.0039757885939948
8.635317658829415,0.9988305023314106
8.649024512256128,1.0026289279445
8.662731365682841,0.9988455944471796
8.676438219109555,1.0020282126640137
8.690145072536268,1.0028589363070775
8.703851925962981,0.9977788557353054
8.717558779389694,1.0020982352625392
8.731265632816408,1.0032676798105995
8.744972486243121,0.9979888542368476
8.758679339669834,0.9993612087036413
8.772386193096548,0.9972688194377846
8.786093046523261,1.0039097838516189
8.799799899949974,1.0015890959446512
8.813506753376688,1.0004089470203632
8.8272136068034,1.0003692110334772
8.840920460230114,1.0047880419344362
8.854627313656827,1.0018857694927539
8.86833416708354,1.002022125050799
8.882041020510254,0.9986227277531237
8.895747873936967,0.999100207548099
8.90945472736368,1.0015386190860223
8.923161580790394,0.9984522826446852
8.936868434217107,0.9956475970590736
8.95057528764382,0.9984264603550443
8.964282141070534,1.002012606964008
8.977988994497247,1.0013268548291805
8.99169584792396,1.0000802206761494
9.005402701350674,1.0003160705856138
9.019109554777387,0.9991314392520689
9.032816408204102,1.0035118494896127
9.046523261630815,0.9991095020883921
9.060230115057529,0.9958193625622198
9.073936968484242,1.0022668471864908
9.087643821910955,0.9973582535414769
9.101350675337669,1.0011338822448166
9.115057528764382,0.9976217159542117
9.128764382191095,0.9978330900105
9.142471235617808,0.9996969806011986
9.156178089044522,1.000634260379498
9.169884942471235,1.0025646134585553
9.183591795897948,0.9985962367920244
9.197298649324662,0.9982325239154939
9.211005502751375,0.9983153916500588
9.224712356178088,1.0002756703542695
9.238419209604801,1.002570077277298
9.252126063031515,0.9991655088482917
9.265832916458228,0.9999729983942129
9.279539769884941,1.0039786121690688
9.293246623311655,1.001492953914869
9.306953476738368,0.9998184765517617
9.320660330165081,1.002045969064652
9.334367183591795,1.0001865149110167
9.348074037018508,0.9983472723192608
9.361780890445221,0.9992621761021268
9.375487743871934,0.9982181026563924
9.389194597298648,1.0009200319768317
9.402901450725361,0.99914874229966
9.416608304152074,1.003131444380686
9.43031515757879,0.998028776009829
9.444022011005503,0.9984128782123034
9.457728864432216,0.9982647744713031
9.47143571785893,1.0012616734424367
9.485142571285643,1.0012998190298015
9.498849424712356,1.0008295085324495
9.51255627813907,0.998074441021875
9.526263131565782,1.0003746427510838
9.539969984992496,1.0014721607646362
9.553676838419209,1.001202792007499
9.567383691845922,1.0003268676243848
9.581090545272636,0.9998452506211879
9.594797398699349,0.9999189608746151
9.608504252126062,1.0020109439992522
9.622211105552775,0.9980907374408136
9.635917958979489,1.0022628165096183
9.649624812406202,0.9986710591274294
9.663331665832915,1.0025420463723205
9.677038519259629,1.0022522126973774
9.690745372686342,1.0008842230832653
9.704452226113055,1.000486231954667
9.718159079539769,1.0017823479168562
9.731865932966482,0.9982977848324747
9.745572786393195,0.9996491307762654
9.759279639819908,1.003547217025124
9.772986493246622,0.9992063409983483
9.786693346673335,1.0005718163391546
9.800400200100048,0.9992646848079368
9.814107053526762,1.0034377703309552
9.827813906953477,1.000850789242479
9.84152076038019,0.9984658680234035
9.855227613806903,0.9983302343617882
9.868934467233617,0.9991462804363354
9.88264132066033,0.9949719667732256
9.896348174087043,0.997074997113095
9.910055027513756,0.9995057875363611
9.92376188094047,1.0056601280075352
9.937468734367183,1.0000786179844317
9.951175587793896,1.0004618503542273
9.96488244122061,1.0030096116285137
9.978589294647323,0.9986944647765436
9.992296148074036,1.000799101994901
10.00600300150075,1.001514593116007
10.019709854927463,0.998573376895072
10.033416708354176,1.0023488421922166
10.04712356178089,1.001092035415973
10.060830415207603,0.9999909189396059
10.074537268634316,1.0001405857199885
10.08824412206103,1.002130639417724
10.101950975487743,0.9978850538347904
10.115657828914456,0.9960355266278378
10.12936468234117,0.9964826689000271
10.143071535767882,1.0011747790141776
10.156778389194596,0.9968135166467866
10.170485242621309,0.998425192340153
10.184192096048022,0.998545884018849
10.197898949474736,1.0039612372309064
10.211605802901449,0.9994350574610189
10.225312656328162,0.9989462821384322
10.239019509754877,1.0019929378831258
10.25272636318159,0.9966599235487531
10.266433216608304,1.002070249553535
10.280140070035017,0.9970936540895116
10.29384692346173,1.0000383668724993
10.307553776888444,0.9989405430000321
10.321260630315157,0.9973133563956167
10.33496748374187,0.9987201653235341
10.348674337168584,0.9960829413863375
10.362381190595297,0.9982760376482174
10.37608804402201,1.0005471366142367
10.389794897448724,1.008172879921099
10.403501750875437,1.0023292110124888
10.41720860430215,0.9984225386626956
10.430915457728863,0.9992214143844378
10.444622311155577,1.0015003366066046
10.45832916458229,1.0005482793208602
10.472036018009003,1.000384533236543
10.485742871435717,1.003480425383778
10.49944972486243,1.0005537424194482
10.513156578289143,1.0000313826663734
10.526863431715856,0.9978683259499127
10.54057028514257,1.0018434560553378
10.554277138569283,0.9970365567339943
10.567983991995996,1.0005811841405559
10.58169084542271,0.9982579531521145
10.595397698849423,0.9995797456800394
10.609104552276136,0.9975295302183335
10.62281140570285,1.0009564050147928
10.636518259129565,0.997380108671559
10.650225112556278,0.998715347788377
10.663931965982991,0.9996223930298459
10.677638819409704,0.9975834364195807
10.691345672836418,0.9974236102954429
10.705052526263131,1.0000475752527516
10.718759379689844,0.9994327235848915
10.732466233116558,1.0008276290514744
10.746173086543271,0.9982971083616159
10.759879939969984,1.0032182823013511
10.773586793396698,1.0014563190766177
10.78729364682341,1.0009996937583252
10.801000500250124,1.0013035187338755
10.814707353676837,0.9989745532310723
10.82841420710355,1.0037540850270161
10.842121060530264,0.9971557008847872
10.855827913956977,0.9993210582632546
10.86953476738369,1.000639607425158
10.883241620810404,0.9980153908160646
10.896948474237117,0.998153013903025
10.91065532766383,0.9989314353989758
10.924362181090544,1.0034949811897234
10.938069034517257,0.9986884612754123
10.95177588794397,0.9999726031353372
10.965482741370684,1.0014389787590117
10.979189594797397,0.9984454303417962
10.99289644822411,0.9989991709083931
11.006603301650824,1.0007215523955284
11.020310155077537,1.0008376327709347
11.034017008504252,1.0010730212669994
11.047723861930965,0.9998330265468501
11.061430715357679,0.9997712140133235
11.075137568784392,1.0015321210520236
11.088844422211105,0.9943947467367358
11.102551275637818,1.0017646068476784
11.116258129064532,0.9982843471739642
11.129964982491245,1.0019417469564131
11.143671835917958,0.997947177765994
11.157378689344672,0.9972861909315738
11.171085542771385,0.9992877174530029
11.184792396198098,1.001231841902432
11.198499249624811,1.0015138252758462
11.212206103051525,0.9978950016536122
11.225912956478238,0.9971008217317124
11.239619809904951,1.0004363556539901
11.253326663331665,1.0008653092756967
11.267033516758378,0.9988055803847745
11.280740370185091,1.003715924608607
11.294447223611805,1.0050524396557554
11.308154077038518,0.9972929649962864
11.321860930465231,1.0018760194851308
11.335567783891944,1.0030172767651324
11.349274637318658,0.9989202201986942
11.362981490745371,0.9998871797912307
11.376688344172084,1.000439561877974
11.390395197598798,1.0007971539590306
11.404102051025511,1.0003004762125132
11.417808904452224,1.000914792786465
11.43151575787894,1.0009116200849584
11.445222611305653,1.000184697840471
11.458929464732366,0.9984777341480803
11.47263631815908,0.9987967390566989
11.486343171585792,0.998788235082354
11.500050025012506,1.0009294499298844
11.513756878439219,1.0012325172196772
11.527463731865932,0.9993461050067235
11.541170585292646,1.0016558665793949
11.554877438719359,0.9953828434000155
11.568584292146072,0.9991102074150356
11.582291145572785,0.9995422913735011
11.595997998999499,1.0006777750631257
11.609704852426212,1.0000419800927445
11.623411705852925,0.9992038718185421
11.637118559279639,1.002222984143452
11.650825412706352,0.9994256622444849
11.664532266133065,0.9986102854875843
11.678239119559779,0.9982012077828192
11.691945972986492,0.9992995671766542
11.705652826413205,1.0046112924272121
11.719359679839918,1.0016748839320606
11.733066533266632,1.0006449536354376
11.746773386693345,1.0009164971212436
11.760480240120058,0.9997032161019774
11.774187093546772,1.0024894282293753
11.787893946973485,1.0029272641213818
11.801600800400198,0.9988282045021096
11.815307653826912,0.9976568455778272
11.829014507253625,1.0015101191819133
11.84272136068034,1.0003027374724822
11.856428214107053,1.0025254740704765
11.870135067533766,0.9974230834263424
11.88384192096048,0.9955726092484042
11.897548774387193,0.9967858635607418
11.911255627813906,0.997445505924475
11.92496248124062,0.9993218448998927
11.938669334667333,0.9974695110030894
11.952376188094046,1.0002420305004047
11.96608304152076,0.9987551458708422
11.979789894947473,0.999259607387408
11.993496748374186,0.9986860871634257
12.0072036018009,0.999507323611212
12.020910455227613,0.9999648643859859
12.034617308654326,1.0021917899350692
12.04832416208104,1.0020583163766958
12.062031015507753,1.0006138774047422
12.075737868934466,0.9976789799763407
12.08944472236118,1.0057210085392463
12.103151575787892,0.9997272039571449
12.116858429214606,1.0041652946999464
12.130565282641319,0.9994099736655498
12.144272136068032,1.0020262353706566
12.157978989494746,0.9999155843797496
12.171685842921459,1.0017032234273586
12.185392696348172,1.001334403469539
12.199099549774886,0.9987534595875477
12.212806403201599,0.9998958142171914
12.226513256628312,0.9960567659891522
12.240220110055027,0.9990090859647464
12.25392696348174,0.9997160060084681
12.267633816908454,0.9995549475580107
12.281340670335167,0.996700922540687
12.29504752376188,1.0028608646126111
12.308754377188594,1.0025232827928414
12.322461230615307,1.0006127315996332
12.33616808404202,0.9986949473946224
12.349874937468734,0.9951784792841971
12.363581790895447,0.9985311070385331
12.37728864432216,1.0001508211497752
12.390995497748873,1.0021198378239848
12.404702351175587,0.9986930150903233
12.4184092046023,0.9993384015522034
12.432116058029013,1.000303554680816
12.445822911455727,0.9991932137120968
12.45952976488244,1.0022023890484804
12.473236618309153,1.0000793084514017
12.486943471735866,0.9966855357365599
12.50065032516258,1.0004998689745883
12.514357178589293,1.0047171502455814
12.528064032016006,1.0002990244213363
12.54177088544272,0.9959186232808945
12.555477738869433,0.9969757675669736
12.569184592296146,1.002990900589176
12.58289144572286,1.0013470000060067
12.596598299149573,0.9995512461935492
12.610305152576286,0.9960950904786328
12.624012006003,0.9980618898506044
12.637718859429715,0.9994766977964071
12.651425712856428,0.9985550588289996
12.665132566283141,0.9992668433702192
12.678839419709854,0.9987930816300057
12.692546273136568,0.9970945365206855
12.706253126563281,1.0012009851299113
12.719959979989994,1.0003457839107648
12.733666833416708,0.9994851204208237
12.74737368684342,0.9985440016656784
12.761080540270134,1.0020331673441913
12.774787393696847,0.997735507670711
12.78849424712356,1.0021545156975014
12.802201100550274,1.0016007987708477
12.815907953976987,0.9992064921883006
12.8296148074037,0.9997977387166881
12.843321660830414,0.9986786181926014
12.857028514257127,0.9999724967133212
12.87073536768384,1.0004648445561308
12.884442221110554,1.0003176947753
12.898149074537267,1.0016588558981085
12.91185592796398,1.0014421350651859
12.925562781390694,0.9975663598139499
12.939269634817407,0.9978975491743745
12.95297648824412,1.0010577950925417
12.966683341670834,1.0013469858148984
12.980390195097547,1.0001825737648329
12.99409704852426,0.9978391336677015
13.007803901950973,0.9976444199502419
13.021510755377687,0.9984358782618846
13.035217608804402,0.997633522562058
13.048924462231115,0.9978131341416897
13.062631315657828,1.001722659802282
13.076338169084542,0.9978329949969212
13.090045022511255,1.000058608667263
13.103751875937968,1.0005644115012247
13.117458729364682,0.9984541111570593
13.131165582791395,1.002236583316367
13.144872436218108,1.0030382426125013
13.158579289644821,0.9955279456434775
13.172286143071535,1.0001736930319616
13.185992996498248,0.9982030378739271
13.199699849924961,1.0000606908365783
13.213406703351675,0.996095606016908
13.227113556778388,1.0013270480004424
13.240820410205101,0.9971940533137492
13.254527263631815,1.0006447348523873
13.268234117058528,0.9994785072802204
13.281940970485241,1.0003024207378888
13.295647823911954,0.9981899912051556
13.309354677338668,1.0011238948640644
13.323061530765381,1.000948266964919
13.336768384192094,1.001423127809814
13.350475237618808,0.9989491893165694
13.364182091045521,1.0034213999905175
13.377888944472234,1.0015604141034862
13.391595797898947,0.9981774375837063
13.40530265132566,1.000916530278555
13.419009504752374,1.0000177886239268
13.432716358179087,0.998453540228913
13.446423211605802,0.9986622149953622
13.460130065032516,0.9988663745617855
13.473836918459229,1.0025713768922335
13.487543771885942,1.00310906063404
13.501250625312656,0.9966795699525455
13.514957478739369,0.9968004663111478
13.528664332166082,1.001384598438327
13.542371185592796,1.0013478045427398
13.556078039019509,0.9989759660915289
13.569784892446222,1.0004783292061061
13.583491745872935,0.9984958903796187
13.597198599299649,0.9977929450686849
13.610905452726362,1.002931939940977
13.624612306153075,1.0024431225724495
13.638319159579789,0.9973428336987876
13.652026013006502,1.0008905579172513
13.665732866433215,1.0028108803655063
13.679439719859928,0.9987820334960661
13.693146573286642,1.0001728974323258
13.706853426713355,1.001118970879625
13.720560280140068,0.9988111321326024
13.734267133566782,0.9988305369147819
13.747973986993495,1.0030886512326764
13.761680840420208,0.9978726626380449
13.775387693846922,0.997895542913651
13.789094547273635,0.9990441877307081
13.802801400700348,0.9999756656141165
13.816508254127061,0.9963091110526865
13.830215107553775,1.0013912576677235
13.84392196098049,1.000782761843244
13.857628814407203,0.9981142073495696
13.871335667833916,0.9995771764745577
13.88504252126063,1.001531022949594
13.898749374687343,1.000535636978064
13.912456228114056,0.9998551122907939
13.92616308154077,1.0012584382361271
13.939869934967483,0.9967015627642777
13.953576788394196,0.997937728365136
13.96728364182091,1.0004914419399447
13.980990495247623,1.0003765609603872
13.994697348674336,1.0007625037467052
14.00840420210105,0.9985816694311844
14.022111055527763,0.9996607334592014
14.035817908954476,1.0012307455209246
14.04952476238119,1.004389088591398
14.063231615807902,1.0033132463236272
14.076938469234616,1.0022912825359895
14.090645322661329,1.00238912998665
14.104352176088042,0.996104194144864
14.118059029514756,1.001638387196017
14.131765882941469,0.9983356283455933
14.145472736368182,0.9993756453098351
14.159179589794896,0.9979028658728526
14.172886443221609,1.0017641745664152
14.186593296648322,0.9993681178979584
14.200300150075035,1.0022065334195427
14.214007003501749,0.9991498607794318
14.227713856928462,0.9975434132811636
14.241420710355177,0.9999593580858311
14.25512756378189,1.0023818748249653
14.268834417208604,0.999046762939217
14.282541270635317,0.9968524031365004
14.29624812406203,0.9972052475584264
14.309954977488744,1.0271428106413216
14.323661830915457,0.9954497584311707
14.33736868434217,1.0027474101303944
14.351075537768883,0.9979886635941099
14.364782391195597,1.0022467624579183
14.37848924462231,1.0009261238670655
14.392196098049023,1.0030632320052266
14.405902951475737,0.998064689961262
14.41960980490245,0.99758981934038
14.433316658329163,0.9998883202607153
14.447023511755877,1.0003658588405508
14.46073036518259,1.0003544497164987
14.474437218609303,0.9992912710115737
14.488144072036016,1.0013505188276006
14.50185092546273,0.9979469488430052
14.515557778889443,0.9996410695892111
14.529264632316156,0.9998634935300645
14.54297148574287,1.0017798978350894
14.556678339169583,1.000083892749804
14.570385192596296,1.0017645344991595
14.58409204602301,0.9984579902441912
14.597798899449723,0.9990156835115219
14.611505752876436,1.0028328568386584
14.62521260630315,1.0014119908527004
14.638919459729864,0.9965461354564497
14.652626313156578,1.0008283566788663
14.666333166583291,1.0024747009398134
14.680040020010004,0.9987384115860812
14.693746873436718,1.0047745882827186
14.70745372686343,0.9989951899691696
14.721160580290144,0.9980409874691061
14.734867433716857,0.9989879522939622
14.74857428714357,1.000685245173277
14.762281140570284,1.0012275589622746
14.775987993996997,0.9991422032682634
14.78969484742371,0.9994730026892816
14.803401700850424,1.0018951146030632
14.817108554277137,1.000598564618904
14.83081540770385,0.996774929031032
14.844522261130564,0.9975223262028938
14.858229114557277,1.0017268462147808
14.87193596798399,1.0019518554549875
14.885642821410704,1.0057484885065207
14.899349674837417,1.000484387690704
14.91305652826413,1.0044476665593411
14.926763381690844,1.0019241805549315
14.940470235117557,1.0032041624404187
14.95417708854427,0.9995296785035755
14.967883941970983,0.9978955541811483
14.981590795397697,1.000513656867457
14.99529764882441,0.9983853529295821
15.009004502251123,1.000047427132313
15.022711355677837,1.0015872300922488
15.03641820910455,1.0027874640874082
15.050125062531265,0.9980383143421667
15.063831915957978,1.0016871752743581
15.077538769384692,1.0008657565181798
15.091245622811405,1.0000143889681756
15.104952476238118,1.0000705193881108
15.118659329664832,1.00200690171823
15.132366183091545,0.9995997663352533
15.146073036518258,1.0008858398846838
15.159779889944971,1.0038724157138665
15.173486743371685,1.0004976804887853
15.187193596798398,1.000349101933963
15.200900450225111,1.0005278185823874
15.214607303651825,0.9997598893252883
15.228314157078538,0.9987101189280715
15.242021010505251,1.0009875487065025
15.255727863931964,0.9987882539097703
15.269434717358678,1.002120961275652
15.283141570785391,1.0026918308936434
15.296848424212104,1.000221305782718
15.310555277638818,1.002954650427063
15.324262131065531,0.9986454278799322
15.337968984492244,0.9996669428945265
15.351675837918958,1.0011903529915898
15.36538269134567,1.0016475079152924
15.379089544772384,0.9960490983359302
15.392796398199097,1.0004969040899645
15.40650325162581,0.9993780114514741
15.420210105052524,1.0013233725144384
15.433916958479237,1.0009081923550776
15.447623811905952,0.9992051964573647
15.461330665332666,0.9967297562161512
15.475037518759379,1.0002623988958457
15.488744372186092,1.0022716051972647
15.502451225612806,0.998037799187503
15.516158079039519,0.9974649310593128
15.529864932466232,1.0024486060166016
15.543571785892945,0.9987990014996753
15.557278639319659,0.998071350565021
15.570985492746372,0.9998342827604516
15.584692346173085,0.9992568332741665
15.598399199599799,0.998502059970331
15.612106053026512,0.9999518540150846
15.625812906453225,0.9989554241540085
15.639519759879938,1.0041208179718673
15.653226613306652,1.0015207481589685
15.666933466733365,0.9955003511829295
15.680640320160078,0.9996816339334862
15.694347173586792,1.001042040426601
15.708054027013505,1.0001538467541198
15.721760880440218,1.0023482413153775
15.735467733866932,0.997617141115103
15.749174587293645,0.99812821073917
15.762881440720358,1.0024540331214435
15.776588294147071,0.9998562654411614
15.790295147573785,1.000523800422534
15.804002001000498,0.999872677296833
15.817708854427211,1.001413343130983
15.831415707853925,1.000657305565025
15.84512256128064,0.9960585676366159
15.858829414707353,0.9989633905524146
15.872536268134066,1.0025829805625053
15.88624312156078,1.0017729309452028
15.899949974987493,0.9994967480850501
15.913656828414206,0.9995364808621402
15.92736368184092,0.9995102505868385
15.941070535267633,1.000763201376592
15.954777388694346,1.0005190446714747
15.96848424212106,0.9988926472002561
15.982191095547773,1.0064010619830441
15.995897948974486,0.9993613323455779
16.0096048024012,1.0027623627090005
16.02331165582791,1.0008649401068992
16.037018509254626,1.0014827180294394
16.05072536268134,1.0003425378306157
16.064432216108052,1.0028736699501897
16.078139069534767,0.9997572929547055
16.09184592296148,0.9985706037644058
16.105552776388194,1.0012249392469266
16.119259629814906,1.0016359038344098
16.13296648324162,0.9989954627773433
16.146673336668332,0.9988717433833896
16.160380190095047,0.9991109207066882
16.17408704352176,1.0018729810388178
16.187793896948474,0.9981209287133634
16.201500750375185,1.001073530821376
16.2152076038019,1.0022278604153334
16.228914457228612,0.999096093428227
16.242621310655327,1.0025067896531243
16.25632816408204,1.0017663427135544
16.270035017508754,1.001565915137945
16.283741870935465,0.9994148014175351
16.29744872436218,1.0009604217495294
16.31115557778889,0.9987573761608094
16.324862431215607,1.0024759798653933
16.33856928464232,0.9985325776928746
16.352276138069033,0.9968755645717527
16.365982991495745,0.9974161901867143
16.37968984492246,1.0006697305227876
16.39339669834917,1.0003704269160476
16.407103551775887,1.0037601588732024
16.420810405202598,0.9997542178277758
16.434517258629313,0.9958080503950612
16.448224112056028,0.9991777865258309
16.46193096548274,1.0010209891565354
16.475637818909455,0.9975373349611016
16.489344672336166,1.0032487603983742
16.50305152576288,1.0000789924693352
16.516758379189593,1.0006919677739006
16.530465232616308,1.0024960675867487
16.54417208604302,1.0027584538608332
16.557878939469735,1.0019779475183221
16.571585792896446,1.0030534023537714
16.58529264632316,0.999559116285119
16.598999499749873,1.001689181661655
16.612706353176588,1.000259030169298
16.6264132066033,0.9985898256301672
16.640120060030014,1.0024605587463247
16.653826913456726,1.0008844877367036
16.66753376688344,0.9956084672331689
16.681240620310152,0.9986575489616081
16.694947473736867,1.0020637054140331
16.70865432716358,0.9979051275986082
16.722361180590294,0.999805349596622
16.736068034017006,0.9980082132434899
16.74977488744372,0.9969885956250515
16.763481740870432,1.000640481939931
16.777188594297147,0.9971065662557324
16.79089544772386,1.0015460249447952
16.804602301150574,0.9991862411973803
16.818309154577285,0.9971272408649792
16.832016008004,1.0027846621227283
16.845722861430716,1.0019015274570846
16.859429714857427,0.9980583060633396
16.873136568284142,1.0074597309117184
16.886843421710854,0.999749432016319
16.90055027513757,0.9977792319587331
16.91425712856428,0.9983891946758301
16.927963981990995,1.0005709182725773
16.941670835417707,1.00073783277856
16.955377688844422,1.0010040796318054
16.969084542271133,0.9984122429185897
16.98279139569785,0.9992611592405529
16.99649824912456,1.000103835209016
17.010205102551275,1.0018324060273314
17.023911955977987,1.0010783328214239
17.0376188094047,1.001987858738498
17.051325662831413,1.0017432462605276
17.06503251625813,0.9999991944806209
17.07873936968484,0.9978886412937032
17.092446223111555,0.9992791294654007
17.106153076538266,0.9993607789604613
17.11985992996498,0.9993530463006476
17.133566783391693,0.998825696047007
17.147273636818408,0.9993725598537244
17.16098049024512,1.0000330849044743
17.174687343671835,0.9989774819230482
17.188394197098546,0.9999716823524498
17.20210105052526,0.9989870578257211
17.215807903951973,0.9995874669587577
17.229514757378688,1.0009532518094355
17.2432216108054,0.9968926332235682
17.256928464232114,1.0003414614545798
17.27063531765883,0.9969329687305218
17.28434217108554,1.001694714953895
17.298049024512256,1.000402127380915
17.311755877938968,0.9981095176771831
17.325462731365683,0.9991982225594164
17.339169584792394,0.9972769118616283
17.35287643821911,1.000343630498375
17.36658329164582,1.0034747208350494
17.380290145072536,1.000951983756568
17.393996998499247,0.9972058724907575
17.407703851925962,1.001974800761855
17.421410705352674,1.0015553558049273
17.43511755877939,1.0041583859049616
17.4488244122061,1.000333759194568
17.462531265632816,1.0029815671730324
17.476238119059527,1.0006641994625471
17.489944972486242,0.9983216738225318
17.503651825912954,1.0013772614437666
17.51735867933967,0.998494024064006
17.53106553276638,1.0014436980237258
17.544772386193095,0.9975536637937964
17.558479239619807,0.9986958167039381
17.572186093046522,0.9988155931709789
17.585892946473233,1.0003578805534648
17.59959979989995,1.0071005330562741
17.61330665332666,1.0027186164679291
17.627013506753375,0.9992604403812442
17.640720360180087,0.9995236228166247
17.6544272136068,1.0024690750847445
17.668134067033517,0.9991226523928407
17.68184092046023,0.998135467030156
17.695547773886943,0.9993167460382564
17.709254627313655,0.9997874616252806
17.72296148074037,0.9981992901327558
17.73666833416708,1.0008993196003078
17.750375187593797,0.9970634038613642
17.764082041020508,1.00026288966104
17.777788894447223,1.003331382391689
17.791495747873935,1.002609908322811
17.80520260130065,0.9988443373108031
17.81890945472736,0.9975461745848839
17.832616308154076,1.001146797341006
17.846323161580788,0.9968569120689232
17.860030015007503,0.9962947049646449
17.873736868434214,0.9978079830803718
17.88744372186093,0.9976945279747871
17.90115057528764,1.0008192553762685
17.914857428714356,0.9989073560411701
17.928564282141068,0.9974450030047045
17.942271135567783,0.9995250210594375
17.955977988994494,0.9982963137445605
17.96968484242121,0.9988530258327908
17.98339169584792,1.0001020556416738
17.997098549274636,1.000841518039917
18.010805402701347,1.0004348047015803
18.024512256128062,1.0012845506852264
18.038219109554774,1.0023262163047557
18.05192596298149,0.9988214258058579
18.065632816408204,0.999803427015349
18.079339669834916,0.9982241915965303
18.09304652326163,0.9959692925529567
18.106753376688342,1.001034290755262
18.120460230115057,0.9993102378360993
18.13416708354177,1.0004560405467704
18.147873936968484,0.9995810237055727
18.161580790395195,1.0040075119857892
18.17528764382191,0.9979426095918431
18.188994497248622,0.9986116121251712
18.202701350675337,0.9998948051764696
18.21640820410205,1.0029289187116794
18.230115057528764,0.9980928250692199
18.243821910955475,0.9956316244371799
18.25752876438219,0.9989129559571652
18.2712356178089,1.000561724889794
18.284942471235617,0.9987716529808117
18.29864932466233,0.9977507256105644
18.312356178089043,1.0025725712593934
18.326063031515755,1.0002502569625948
18.33976988494247,1.0003223681398707
18.35347673836918,0.9966401539769318
18.367183591795897,0.9998124747901355
18.380890445222608,1.0039853234283729
18.394597298649323,0.9980169285271543
18.408304152076035,0.9975514662205631
18.42201100550275,0.9987164912265653
18.43571785892946,1.005543807100382
18.449424712356176,0.9990092722616489
18.46313156578289,0.9997149821364394
18.476838419209603,0.9966526149364301
18.490545272636318,0.9968675696255282
18.50425212606303,0.9989774572587934
18.517958979489745,0.9972043654774753
18.531665832916456,0.9987548007502056
18.54537268634317,0.997552826059387
18.559079539769883,1.0025870540408384
18.572786393196598,1.002457626287698
18.58649324662331,0.9953302029882336
18.600200100050024,1.001661601584938
18.613906953476736,1.0005344742851388
18.62761380690345,1.002068701971169
18.641320660330162,0.9975105993092225
18.655027513756878,1.0009828576082753
18.66873436718359,1.0018844875674295
18.682441220610304,0.9993025253505702
18.696148074037016,0.9998218684817711
18.70985492746373,0.9990106155120624
18.723561780890442,1.006203651886538
18.737268634317157,0.9995214526216134
18.75097548774387,1.0029509184374332
18.764682341170584,0.9982461597959286
18.778389194597295,0.9980311675069294
18.79209604802401,0.997665467307401
18.805802901450722,1.0010052192452923
18.819509754877437,1.0012520622780972
18.83321660830415,1.0011822305276672
18.846923461730864,1.0005436545751998
18.86063031515758,0.9966323549572318
18.87433716858429,0.9986167718625503
18.888044022011005,0.9985257773394552
18.901750875437717,1.0039483375359979
18.915457728864432,1.0020944214663614
18.929164582291143,0.9990476842705266
18.94287143571786,1.0006040149876088
18.95657828914457,0.9975465277799247
18.970285142571285,1.0008644473852732
18.983991995997997,1.0021036711134355
18.99769884942471,1.00247451173723
19.011405702851423,0.9986063742003913
19.02511255627814,0.995829654504378
19.03881940970485,1.0014008303858575
19.052526263131565,1.0026753900565304
19.066233116558276,1.0014312479898695
19.07993996998499,1.0004510218625866
19.093646823411703,1.0005778048801632
19.107353676838418,1.00434440600416
19.12106053026513,1.0018655569107713
19.134767383691845,0.9993878445256321
19.148474237118556,0.9966529871872558
19.16218109054527,0.9998696272112235
19.175887943971983,1.0044302830658831
19.189594797398698,0.9994581737930694
19.20330165082541,1.0002365690344153
19.217008504252124,0.9976043328143139
19.230715357678836,1.001964401521353
19.24442221110555,1.000137740053505
19.258129064532266,0.9993807438545648
19.271835917958978,1.0001349568019648
19.285542771385693,0.9962036104027254
19.299249624812404,0.9983375510473352
19.31295647823912,0.9986926335314342
19.32666333166583,1.0005343530604787
19.340370185092546,1.0034174173284407
19.354077038519257,0.999458429707785
19.367783891945972,0.9924522084296697
19.381490745372684,0.9999622368776491
19.3951975987994,0.9991704278200947
19.40890445222611,0.9952343212252857
19.422611305652826,1.0003954148022707
19.436318159079537,0.9989659150809581
19.450025012506252,0.9977245618599646
19.463731865932964,1.0014535695938094
19.47743871935968,1.0010626400278964
19.49114557278639,0.9976571928330025
19.504852426213105,1.0024106402336186
19.518559279639817,1.002145246393469
19.532266133066532,0.9992642700712631
19.545972986493243,1.0012548589154886
19.55967983991996,0.9993323821615882
19.57338669334667,0.9997766320880629
19.587093546773385,0.9986386007048063
19.600800400200097,0.9987927343431805
19.61450725362681,0.9994351644716104
19.628214107053523,1.0014756598756482
19.64192096048024,1.0017338122514723
19.655627813906953,1.0002822773363484
19.669334667333665,1.0017516258219994
19.68304152076038,0.9994592347008208
19.69674837418709,1.0016058139852098
19.710455227613807,1.0020509453121649
19.724162081040518,0.9995003393626896
19.737868934467233,0.9992780982320277
19.751575787893945,0.9974982755645239
19.76528264132066,1.0005867682180687
19.77898949474737,0.9990486499528554
19.792696348174086,0.9995141080746958
19.806403201600798,0.9975532260325898
19.820110055027513,0.9992639173476865
19.833816908454224,1.0015872575443037
19.84752376188094,0.9982050611768876
19.86123061530765,0.9990000817836086
19.874937468734366,1.002481067516238
19.888644322161078,1.0018233397266811
19.902351175587793,0.9971899766265861
19.916058029014504,1.0009825590956658
19.92976488244122,0.9987710551234479
19.94347173586793,1.0005029246159838
19.957178589294646,0.9979262148674528
19.970885442721357,0.9988863368006226
19.984592296148072,0.99823418665844
19.998299149574784,1.0015650090880783
20.0120060030015,0.9996620241281845
20.02571285642821,0.9968436992094049
20.039419709854926,0.9993048203342295
20.05312656328164,0.9987342519293749
20.066833416708352,0.9993015297436356
20.080540270135067,1.0028753203395846
20.09424712356178,1.0004236165592812
20.107953976988494,0.9998230708525951
20.121660830415205,0.9956403193468885
20.13536768384192,1.0028133855458454
20.149074537268632,1.0003287887158432
20.162781390695347,0.9994951513799567
20.17648824412206,0.996490546479126
20.190195097548774,0.9994248340135827
20.203901950975485,0.9951774398645625
20.2176088044022,0.9976692446020183
20.23131565782891,1.0006229208021695
20.245022511255627,0.9990419170382334
20.25872936468234,0.9988403033986886
20.272436218109053,1.000442902517102
20.286143071535765,1.0049861414232204
20.29984992496248,0.9998421738662587
20.31355677838919,1.0018230538561725
20.327263631815907,0.9997626083900512
20.340970485242618,0.9985830360665403
20.354677338669333,1.0039253248778652
20.368384192096045,0.9994578466043422
20.38209104552276,0.9996086968863568
20.39579789894947,0.9973169943978815
20.409504752376186,0.9974129702852612
20.423211605802898,1.0018840143258465
20.436918459229613,1.0018214641135321
20.450625312656324,0.9971718409229721
20.46433216608304,1.0005561991614276
20.478039019509755,1.00091713550475
20.491745872936466,1.0009889446022622
20.50545272636318,1.0031697844170135
20.519159579789893,0.9992767325203193
20.532866433216608,1.001006683642074
20.54657328664332,1.000212455030069
20.560280140070034,1.0023679368154625
20.573986993496746,0.9989402469215091
20.58769384692346,0.9992145304377782
20.601400700350172,1.0031677169034812
20.615107553776888,1.000627165188515
20.6288144072036,0.9994613334968734
20.642521260630314,1.0010553414133538
20.656228114057026,0.9998474899038794
20.66993496748374,1.0026070089742012
20.683641820910452,1.0022319393976942
20.697348674337167,1.001586935411138
20.71105552776388,0.9990127061531142
20.724762381190594,0.9978850528524222
20.738469234617305,1.0005315433179067
20.75217608804402,1.0002957586473828
20.765882941470732,0.9966205394869809
20.779589794897447,0.9979838396997726
20.79329664832416,0.9990694075918689
20.807003501750874,0.9995758740407649
20.820710355177585,1.0006150429615897
20.8344172086043,0.9965700114682274
20.84812406203101,1.0020836014044538
20.861830915457727,0.999880579943772
20.875537768884442,0.998961110018616
20.889244622311153,0.9995587560935932
20.90295147573787,0.9995122265515826
20.91665832916458,0.9971848539826955
20.930365182591295,1.0027258312487068
20.944072036018007,1.0023311137822124
20.95777888944472,0.9996211892962954
20.971485742871433,1.000867911942092
20.98519259629815,1.0008324581084713
20.99889944972486,1.00197241462611
21.012606303151575,1.002611545892554
21.026313156578286,1.0005999921688173
21.040020010005,1.0016489217271347
21.053726863431713,1.0019511250818667
21.067433716858428,1.0006503618104217
21.08114057028514,1.0010921837425468
21.094847423711855,1.000260358721319
21.108554277138566,1.0012229043901069
21.12226113056528,1.0012337770528372
21.135967983991993,1.001302783196198
21.149674837418708,0.9984588890681124
21.16338169084542,0.9994368373830068
21.177088544272134,1.0033063308198584
21.190795397698846,0.9966205800158684
21.20450225112556,0.99913508682347
21.218209104552272,1.0001535390801606
21.231915957978988,1.00546150797849
21.2456228114057,1.0030244069423708
21.259329664832414,0.9987113795978901
21.27303651825913,1.0002476354046441
21.28674337168584,0.9990393094813221
21.300450225112556,0.9997073980314939
21.314157078539267,0.9962819733633493
21.327863931965982,1.001550330676013
21.341570785392694,1.0002734238834252
21.35527763881941,1.0017512260674748
21.36898449224612,0.9973956556859116
21.382691345672836,0.9982891483034143
21.396398199099547,0.9996930878542176
21.410105052526262,1.001340497403983
21.423811905952974,1.0033332386157798
21.43751875937969,0.9994055053991028
21.4512256128064,1.002074506676615
21.464932466233115,0.9995662500926884
21.478639319659827,1.0026355003024774
21.492346173086542,1.0000854397013799
21.506053026513253,0.9972491943466572
21.51975987993997,0.9996145734813849
21.53346673336668,0.995484314231482
21.547173586793395,0.9975424566725799
21.560880440220107,1.0020104821500664
21.57458729364682,0.9998099261066538
21.588294147073533,1.0005381358435168
21.60200100050025,0.9995757801697305
21.61570785392696,1.0012260406675904
21.629414707353675,0.9986412466444091
21.643121560780386,0.9995984659344044
21.6568284142071,0.9995446552643715
21.670535267633817,1.0039819366872624
21.684242121060528,1.0006593447435108
21.697948974487243,1.000094100609572
21.711655827913955,1.0038129884698899
21.72536268134067,0.9946947828210007
21.73906953476738,1.002754969511502
21.752776388194096,0.9993404213060665
21.766483241620808,0.9964178986808925
21.780190095047523,1.003760168176388
21.793896948474234,1.0002685213717817
21.80760380190095,0.999813950321693
21.82131065532766,1.0029694250487757
21.835017508754376,0.9975486836672652
21.848724362181088,0.9989181520744376
21.862431215607803,1.0008494442416556
21.876138069034514,0.9989917049049399
21.88984492246123,0.9990455608655356
21.90355177588794,1.0055443392369696
21.917258629314656,0.9996858751088709
21.930965482741367,1.0001258351349496
21.944672336168082,1.0017815113709887
21.958379189594794,1.000825539622717
21.97208604302151,1.0008159206362308
21.98579289644822,1.0009564825881792
21.999499749874936,0.9989441912058179
22.013206603301647,1.0018903614447787
22.026913456728362,0.9998805585834902
22.040620310155074,0.9979614209510215
22.05432716358179,0.9986170261687
22.068034017008504,1.0018687364501462
22.081740870435215,0.9982898972296046
22.09544772386193,0.9994919929627241
22.109154577288642,0.9973742064236921
22.122861430715357,1.0004060512121535
22.13656828414207,0.9990837998551618
22.150275137568784,0.998443570772706
22.163981990995495,0.9980243367271061
22.17768884442221,0.9990541588271838
22.19139569784892,1.0003606091712518
22.205102551275637,1.0006285843193312
22.21880940470235,1.000224488823445
22.232516258129063,0.9975151492014545
22.246223111555775,0.9979607329143071
22.25992996498249,1.000387346125348
22.2736368184092,1.0007383446394167
22.287343671835917,0.9978093889867374
22.301050525262628,1.0039983964605534
22.314757378689343,0.9989695306967271
22.328464232116055,0.9992607800958534
22.34217108554277,1.0023143965857688
22.35587793896948,1.0034138207665058
22.369584792396196,0.9987527158702066
22.383291645822908,1.000648792513823
22.396998499249623,0.9999035552609409
22.410705352676334,1.0022067129682333
22.42441220610305,1.0019561159935049
22.43811905952976,1.0005321853491345
22.451825912956476,0.9995832456664925
22.46553276638319,0.9989824181166267
22.479239619809903,1.000749146439988
22.492946473236618,0.9971840804534267
22.50665332666333,1.0000579966918284
22.520360180090044,0.9996047455074185
22.534067033516756,0.9963028836019466
22.54777388694347,1.0006427690847668
22.561480740370182,0.9992509614735653
22.575187593796898,1.0016646576874169
22.58889444722361,0.9980807070995789
22.602601300650324,0.9990045861907927
22.616308154077036,1.00132784794598
22.63001500750375,1.000483806537521
22.643721860930462,0.9992809657317676
22.657428714357177,0.9989132083335421
22.67113556778389,1.0010317967827256
22.684842421210604,0.998863116903403
22.698549274637315,1.0002630076986319
22.71225612806403,0.997048129581009
22.725962981490742,1.0014578281167554
22.739669834917457,0.9988847197061679
22.75337668834417,1.0026933255000743
22.767083541770884,0.9999753292908505
22.780790395197595,0.9983376284654658
22.79449724862431,0.9969292311920759
22.808204102051022,0.9996720537789582
22.821910955477737,0.9985515879305397
22.83561780890445,0.999444330227596
22.849324662331163,0.9989203294982593
22.86303151575788,0.9989195157501568
22.87673836918459,0.9995827040796169
22.890445222611305,0.9994083332487483
22.904152076038017,0.9993236601619565
22.91785892946473,0.9999135097553845
22.931565782891443,1.0011206044554277
22.94527263631816,1.0044339160049234
22.95897948974487,0.9983421847847878
22.972686343171585,1.0009726800769283
22.986393196598296,0.9972519222262349
23.00010005002501,1.0018550840135603
23.013806903451723,0.9991286591924662
23.027513756878438,1.0023420921744353
23.04122061030515,0.9994770723341647
23.054927463731865,1.000243476347203
23.068634317158576,1.000999725174191
23.08234117058529,1.001181592685629
23.096048024012003,1.0005322166773156
23.109754877438718,1.0000694625516053
23.12346173086543,1.0017638548965204
23.137168584292144,0.9977610722644045
23.150875437718856,0.997728836623956
23.16458229114557,0.9988974751200812
23.178289144572283,1.0034123093694098
23.191995997998998,1.0000445480573292
23.20570285142571,0.9997240746684773
23.219409704852424,0.998828968133111
23.233116558279136,0.9990734113193561
23.24682341170585,0.999591179863094
23.260530265132566,1.004572562148579
23.274237118559277,0.9999195459673129
23.287943971985992,1.0033755745161548
23.301650825412704,0.9978044092110588
23.31535767883942,0.998261453205049
23.32906453226613,0.9995400358653761
23.342771385692846,0.9971037229598052
23.356478239119557,1.000576315085389
23.370185092546272,1.0004418924432414
23.383891945972984,0.9968106595367747
23.3975987993997,0.9968628126098231
23.41130565282641,0.9976326557665963
23.425012506253125,0.9981994185014962
23.438719359679837,0.9977775475918447
23.452426213106552,0.9980305370092507
23.466133066533263,0.996957013650354
23.47983991995998,1.0020816855191754
23.49354677338669,0.9987922105927246
23.507253626813405,1.0019040636247867
23.520960480240117,1.0008323297484696
23.53466733366683,1.0017113719594986
23.548374187093543,1.0017047165632404
23.56208104052026,0.9981039198749163
23.57578789394697,0.9979457036713271
23.589494747373685,0.9944706086535898
23.603201600800396,1.001847744689644
23.61690845422711,1.002254116194821
23.630615307653823,0.9998699346777684
23.644322161080538,0.9987271011973755
23.65802901450725,1.0028015473082335
23.671735867933965,1.0025115232733985
23.68544272136068,1.0023267723738658
23.69914957478739,0.9956059427510376
23.712856428214106,0.9959629815188091
23.726563281640818,1.0043630684767464
23.740270135067533,1.0023544397433284
23.753976988494244,1.0027051795839612
23.76768384192096,0.9979495318182425
23.78139069534767,1.0016120908438797
23.795097548774386,1.0010327465941553
23.808804402201098,1.0018658330239878
23.822511255627813,1.00027777465232
23.836218109054524,0.9999930674634886
23.84992496248124,1.0036656871935064
23.86363181590795,1.00165632397967
23.877338669334666,1.0006286666170834
23.891045522761377,1.0001302527554448
23.904752376188092,1.0012579063704272
23.918459229614804,0.9989283970774967
23.93216608304152,1.0008509982328286
23.94587293646823,0.9999557122771321
23.959579789894946,0.9978662583404908
23.973286643321657,1.0013336838095075
23.986993496748372,1.0024360833624546
24.000700350175084,0.9986082179914028
24.0144072036018,0.9965465740073118
24.02811405702851,0.9992879155054888
24.041820910455225,1.0044040858898902
24.055527763881937,1.0026852910449693
24.069234617308652,0.9978477348441442
24.082941470735367,1.0004688166202074
24.09664832416208,1.0004046697823423
24.110355177588794,1.0010552166360136
24.124062031015505,0.9990062488403121
24.13776888444222,0.9969289370745308
24.15147573786893,1.0000743076009428
24.165182591295647,0.9980727805654649
24.17888944472236,1.0003959104543059
24.192596298149073,1.0013317075347292
24.206303151575785,1.0041565247435909
24.2200100050025,1.0036068944754497
24.23371685842921,1.0012023097529041
24.247423711855927,0.9986796588171105
24.261130565282638,1.0005727641775248
24.274837418709353,1.0017229089138808
24.288544272136065,0.9994869016225456
24.30225112556278,0.9994348319003561
24.31595797898949,0.9949140708585783
24.329664832416206,0.9995153340393824
24.343371685842918,0.9971686397929752
24.357078539269633,1.0002761303374672
24.370785392696344,0.9970332083268334
24.38449224612306,1.0007567587475084
24.39819909954977,0.9973440547736958
24.411905952976486,0.9967229009476314
24.425612806403198,1.0007981410373112
24.439319659829913,0.9969130483293429
24.453026513256624,1.0015153361205775
24.46673336668334,0.9992840558625077
24.480440220110054,0.999098797748479
24.494147073536766,1.0006115302088852
24.50785392696348,0.9991622897878617
24.521560780390192,0.9981922593111306
24.535267633816908,0.9968566514809216
24.54897448724362,1.0002833638788826
24.562681340670334,1.000764781601259
24.576388194097046,1.0002899961837202
24.59009504752376,0.9983513287073976
24.603801900950472,0.9971761964489984
24.617508754377187,0.9998217385031642
24.6312156078039,1.0020433023840232
24.644922461230614,0.9998191827502874
24.658629314657325,1.0001883319120304
24.67233616808404,0.9987353200891737
24.686043021510752,0.9970399508511092
24.699749874937467,1.0006588575623174
24.71345672836418,0.9983287894386497
24.727163581790894,1.0038014526873837
24.740870435217605,1.0004588931283842
24.75457728864432,1.0015838843623632
24.768284142071032,1.0016503539432235
24.781990995497747,0.9976871621589708
24.79569784892446,0.9965627214813982
24.809404702351173,0.9964166924118548
24.823111555777885,1.001535608384389
24.8368184092046,1.0027450939985882
24.85052526263131,1.000512464379106
24.864232116058027,0.9996282065575509
24.87793896948474,1.002637230585759
24.891645822911453,0.9972331389250174
24.90535267633817,1.001955991627947
24.91905952976488,0.999193166792923
24.932766383191595,0.9972307661194892
24.946473236618306,1.0019759182462633
24.96018009004502,0.9990835365612529
24.973886943471733,0.9979637565189109
24.987593796898448,1.0027542938393688
25.00130065032516,1.0024507698857856
25.015007503751875,0.9996943137038591
25.028714357178586,0.9966997253906742
25.0424212106053,0.9988841120066503
25.056128064032013,1.0034775134145955
25.069834917458728,0.9983025925795697
25.08354177088544,1.0026192995652974
25.097248624312154,0.9974266845665565
25.110955477738866,1.0041766595009562
25.12466233116558,1.0029081483831355
25.138369184592293,0.9974735717381835
25.152076038019008,0.9954991759977635
25.16578289144572,0.9990335794443767
25.179489744872434,0.9957073856602339
25.193196598299146,1.0028772189789628
25.20690345172586,1.00234642926888
25.220610305152572,1.0004055587298242
25.234317158579287,0.9990426323365047
25.248024012006,1.0009722362388973
25.261730865432714,1.000506933087716
25.27543771885943,1.0015604288311937
25.28914457228614,1.00368953485128
25.302851425712856,1.0016396975071458
25.316558279139567,0.9988984392873378
25.330265132566282,1.000210654817825
25.343971985992994,0.9996393099068023
25.35767883941971,1.0012651955939453
25.37138569284642,1.0000756088232607
25.385092546273135,1.0010574077671033
25.398799399699847,0.9991536252313146
25.412506253126562,1.0044123321632654
25.426213106553273,1.0001724319423047
25.43991995997999,1.0027732133650467
25.4536268134067,0.9982438221875716
25.467333666833415,0.9981588016281336
25.481040520260127,0.9982673232059383
25.49474737368684,1.0022666698917202
25.508454227113553,0.997015733201348
25.52216108054027,1.0024652405861025
25.53586793396698,1.0006041743238783
25.549574787393695,0.9993542537841108
25.563281640820406,0.999053943337983
25.57698849424712,1.0027501663248417
25.590695347673833,1.0208075315824061
25.604402201100548,1.0019044804197668
25.61810905452726,0.998550313904467
25.631815907953975,0.9991321596716106
25.645522761380686,1.000281690181735
25.6592296148074,0.9976947399648233
25.672936468234116,1.0008958749918477
25.686643321660828,0.9980353382433417
25.700350175087543,0.999501631883051
25.714057028514254,1.002117409414213
25.72776388194097,1.000479161821134
25.74147073536768,1.002372230010694
25.755177588794396,0.9988585651498709
25.768884442221108,1.0004181918478154
25.782591295647823,1.0032191336917946
25.796298149074534,1.0034135285348627
25.81000500250125,0.9983787050413278
25.82371185592796,0.9979042989681013
25.837418709354676,1.0015166828469673
25.851125562781387,1.0022363379139403
25.864832416208102,1.0008269042211955
25.878539269634814,0.9995413634599506
25.89224612306153,0.9969225102319379
25.90595297648824,0.9974661622854053
25.919659829914956,0.9994754517950535
25.933366683341667,0.9965362022082358
25.947073536768382,1.001711634705811
25.960780390195094,1.0012695549444344
25.97448724362181,1.0001882029337246
25.98819409704852,0.9990283246984363
26.001900950475235,1.001011546113475
26.015607803901947,0.9961859659268982
26.029314657328662,0.999818495317012
26.043021510755374,0.9970740955685423
26.05672836418209,0.9982615540906311
26.070435217608804,0.9983608092883922
26.084142071035515,0.9995759873872012
26.09784892446223,1.001042989633763
26.11155577788894,0.9988260119084733
26.125262631315657,0.9965105942992315
26.13896948474237,1.0040452017311572
26.152676338169083,0.9995607517364296
26.166383191595795,1.0039612871474284
26.18009004502251,0.9991642615894715
26.19379689844922,0.9995195622259092
26.207503751875937,1.0022062581449984
26.221210605302648,0.9981082266855685
26.234917458729363,1.0008983012406618
26.248624312156075,0.9995804297194338
26.26233116558279,0.9936831475242005
26.2760380190095,1.0007741769332665
26.289744872436216,1.0034345678034087
26.303451725862928,1.0020720147153506
26.317158579289643,0.9988214825001988
26.330865432716354,0.9988928503609471
26.34457228614307,0.9963838411306071
26.35827913956978,1.001959423039432
26.371985992996496,1.00199199976728
26.385692846423208,0.9994769841958343
26.399399699849923,0.9987704958940172
26.413106553276634,1.0004660141772006
26.42681340670335,1.00173858007355
26.44052026013006,1.00216155441227
26.454227113556776,0.9995759042856205
26.46793396698349,1.0005941880498617
26.481640820410203,0.998111816760858
26.495347673836918,1.0012611912882827
26.50905452726363,0.9986182913009028
26.522761380690344,1.0048282020880779
26.536468234117056,0.9979635637515492
26.55017508754377,1.0063926577344389
26.563881940970482,1.0003428161320362
26.577588794397197,1.0006323043954315
26.59129564782391,1.0006008252193757
26.605002501250624,0.9994483590436899
26.618709354677335,1.0008011557966845
26.63241620810405,0.9996561325445023
26.646123061530762,0.9983050725154149
26.659829914957477,1.0014585162298137
26.67353676838419,1.0014961389350576
26.687243621810904,1.0023481952548838
26.700950475237615,0.9966459988410964
26.71465732866433,0.9998044095746658
26.728364182091042,1.002005223059588
26.742071035517757,1.0019808641907304
26.75577788894447,1.0013389947506475
26.769484742371183,0.9991339843406867
26.783191595797895,0.9990723702657709
26.79689844922461,0.9987817954669098
26.81060530265132,1.0005985363111058
26.824312156078037,1.0032346212721879
26.838019009504748,0.9994173450748465
26.851725862931463,1.0002351711900825
26.865432716358175,1.0004734523928276
26.87913956978489,0.9979012922111721
26.892846423211605,1.0025594427609996
26.906553276638316,1.0034889143431247
26.92026013006503,0.9983147053880461
26.933966983491743,1.0042798952578795
26.947673836918458,1.0049852619771955
26.96138069034517,1.0005113770061604
26.975087543771885,0.9978370498518322
26.988794397198596,0.9986944163544674
27.00250125062531,0.9991959637065806
27.016208104052023,1.0008613167557858
27.029914957478738,0.9999669352609287
27.04362181090545,0.9982010638811075
27.057328664332164,1.0006494409020057
27.071035517758876,1.0005576208238987
27.08474237118559,0.9982391398040548
27.098449224612303,1.0006163056052104
27.112156078039018,1.001937229385545
27.12586293146573,0.9978542128632212
27.139569784892444,0.9980033246607463
27.153276638319156,0.9994500019518539
27.16698349174587,1.0014320832062522
27.180690345172582,1.0030649329727461
27.194397198599297,1.0039845399290197
27.20810405202601,1.0009379502281521
27.221810905452724,1.0012115939540813
27.235517758879435,1.0022149623245613
27.24922461230615,1.0019257586136434
27.262931465732862,1.0002611061103126
27.276638319159577,1.0003480799196462
27.290345172586292,0.9993001094596079
27.304052026013004,0.9996303449695332
27.31775887943972,0.9966008634979703
27.33146573286643,1.0021994388996782
27.345172586293145,0.999151513194159
27.358879439719857,0.9969970188353801
27.372586293146572,0.9954746859974699
27.386293146573284,1.0015579162397494
27.4,0.9942327388987092
