time,flux
0.0,0.8564560893861289
0.013706853426713355,0.8544372151455043
0.02741370685342671,0.8561468826212423
0.041120560280140064,0.8558869872393954
0.05482741370685342,0.8587377290196762
0.06853426713356678,0.8557839666350592
0.08224112056028013,0.8569898705624941
0.09594797398699349,0.8841848169082045
0.10965482741370684,0.9570866291251043
0.1233616808404202,1.000450427593802
0.13706853426713356,1.0013353497847999
0.1507753876938469,1.002378973940715
0.16448224112056026,1.0015413260040245
0.1781890945472736,1.0025224680912879
0.19189594797398699,0.995951706457959
0.20560280140070034,1.0015741511622958
0.21930965482741369,0.9989351045107216
0.23301650825412704,1.001678091279871
0.2467233616808404,0.9958764746419887
0.26043021510755376,0.9433495561177404
0.2741370685342671,0.7435492734489165
0.28784392196098046,0.545645763405986
0.3015507753876938,0.5222333935954491
0.31525762881440716,0.5214599414196008
0.3289644822411205,0.5211427840985502
0.34267133566783387,0.5267454451421962
0.3563781890945472,0.5176478054268686
0.3700850425212606,0.5182027611291932
0.38379189594797397,0.5198919822407787
0.3974987493746873,0.5211339236284355
0.41120560280140067,0.5185713159094711
0.424912456228114,0.520136352195642
0.43861930965482737,0.5260905358728408
0.4523261630815407,0.6574296790512371
0.46603301650825407,0.8531364367979001
0.4797398699349674,1.002287349277162
0.4934467233616808,0.9993119247348929
0.5071535767883941,1.0002272108422277
0.5208604302151075,1.0018510781027692
0.5345672836418208,0.9999152391744293
0.5482741370685342,0.998659120126
0.5619809904952475,0.9998634756387916
0.5756878439219609,0.9992186236408539
0.5893946973486743,0.9979686239532907
0.6031015507753876,0.9956344565848948
0.616808404202101,0.9849174251970352
0.6305152576288143,0.915057511282121
0.6442221110555277,0.860482095205374
0.657928964482241,0.8540911986188132
0.6716358179089544,0.8566328586875706
0.6853426713356677,0.8558932563182816
0.6990495247623811,0.8576870328338211
0.7127563781890944,0.8605421692176057
0.7264632316158078,0.8596601121770774
0.7401700850425212,0.8594856917556387
0.7538769384692345,0.8597185628993302
0.7675837918959479,0.8773446093126577
0.7812906453226612,0.9519765995720583
0.7949974987493746,0.9997047824369544
0.8087043521760879,1.002915673988909
0.8224112056028013,0.9996639117187199
0.8361180590295146,0.9968068392851267
0.849824912456228,1.002557053060387
0.8635317658829413,1.000152670836929
0.8772386193096547,0.9979847580222599
0.8909454727363681,0.9988409167301171
0.9046523261630814,0.9998664008999179
0.9183591795897948,0.9988634128273215
0.9320660330165081,0.95743489282131
0.9457728864432215,0.762635490397458
0.9594797398699348,0.5588498611146216
0.9731865932966483,0.5216429200265367
0.9868934467233615,0.5192431873644672
1.000600300150075,0.517491437103094
1.0143071535767882,0.5236636543620561
1.0280140070035018,0.5245715127844826
1.041720860430215,0.5186628339913317
1.0554277138569284,0.5233137183825591
1.0691345672836416,0.5248704362504321
1.0828414207103552,0.5217102276447347
1.0965482741370685,0.5165947451313229
1.1102551275637818,0.5221205927690544
1.123961980990495,0.6365956307778406
1.1376688344172086,0.8374210268919037
1.1513756878439219,0.9957990237914578
1.1650825412706352,0.9988828321462155
1.1787893946973487,1.0015889259406352
1.192496248124062,1.0046414934172008
1.2062031015507753,0.9990950613875094
1.2199099549774886,0.996453238078459
1.233616808404202,0.9988772707072212
1.2473236618309154,0.9969114937463707
1.2610305152576287,0.9987479269771623
1.274737368684342,0.9983764093737413
1.2884442221110555,0.9966916556916319
1.3021510755377688,0.9215183806475244
1.315857928964482,0.8572484684510578
1.3295647823911956,0.8576635680169041
1.3432716358179089,0.8574391903535368
1.3569784892446222,0.859366599712033
1.3706853426713355,0.8578088340403061
1.384392196098049,0.8552714570563126
1.3980990495247623,0.8587976839135202
1.4118059029514756,0.8560298398806262
1.4255127563781889,0.8637035660001923
1.4392196098049024,0.8698386442802938
1.4529264632316157,0.9474567531561607
1.466633316658329,1.0018804135223576
1.4803401700850425,1.0018620134376055
1.4940470235117558,0.9989718915929711
1.507753876938469,1.0004891110544265
1.5214607303651824,0.9978470537775913
1.5351675837918959,0.999126430760737
1.5488744372186092,1.0014909883605667
1.5625812906453225,1.0001752505724926
1.5762881440720358,0.9991355803402027
1.5899949974987493,0.9997165387754335
1.6037018509254626,0.970251667343543
1.6174087043521759,0.7778683618723512
1.6311155577788894,0.570207155821503
1.6448224112056027,0.5204672263040151
1.658529264632316,0.5203023450760837
1.6722361180590293,0.525379818200872
1.6859429714857428,0.5186458380876182
1.699649824912456,0.5264233838676851
1.7133566783391694,0.5180781686148347
1.7270635317658827,0.5219342484496312
1.7407703851925962,0.5236976669184495
1.7544772386193095,0.5206203400292551
1.7681840920460228,0.5203567747609256
1.7818909454727363,0.5167352140535109
1.7955977988994496,0.622011357528439
1.8093046523261629,0.8228721976025398
1.8230115057528762,1.0006969403717314
1.8367183591795897,1.0041005493930928
1.850425212606303,0.9980320464757656
1.8641320660330163,0.9990941088963693
1.8778389194597296,0.997278036438518
1.891545772886443,0.9976502898393809
1.9052526263131564,0.9998973561815467
1.9189594797398697,0.9971901068350111
1.9326663331665832,0.998513093791458
1.9463731865932965,0.9990242984603379
1.9600800400200098,0.9990326189231525
1.973786893446723,0.9291713620137186
1.9874937468734366,0.8558572355573913
2.00120060030015,0.859063059299227
2.014907453726863,0.8591857594589911
2.0286143071535765,0.856971953183908
2.04232116058029,0.8578754204031491
2.0560280140070035,0.8594499678324862
2.069734867433717,0.8597201528243273
2.08344172086043,0.8570650988528169
2.0971485742871434,0.8578455961211616
2.1108554277138567,0.8685479815420469
2.12456228114057,0.9395311266674208
2.1382691345672833,1.001350044119139
2.1519759879939966,0.9979749019326957
2.1656828414207103,0.999566014387436
2.1793896948474236,0.9997731110612591
2.193096548274137,0.9991396523596011
2.20680340170085,0.9979284265633978
2.2205102551275635,0.9989403708626885
2.234217108554277,1.0023923072578536
2.24792396198099,1.0001791525509234
2.261630815407704,1.0001444404803557
2.275337668834417,0.985460342229333
2.2890445222611304,0.7910554357315344
2.3027513756878437,0.5903057058371425
2.316458229114557,0.5182435525130403
2.3301650825412703,0.5217159729010281
2.3438719359679836,0.5193575327575634
2.3575787893946973,0.5205797097714936
2.3712856428214106,0.5232731697804506
2.384992496248124,0.5194643418694898
2.3986993496748372,0.5181505556766063
2.4124062031015505,0.5220211348448126
2.426113056528264,0.5200161466729615
2.439819909954977,0.5231466730024187
2.4535267633816904,0.5190264623338475
2.467233616808404,0.6075032748514301
2.4809404702351174,0.8080206147952952
2.4946473236618307,1.007038872844445
2.508354177088544,0.9973799942487592
2.5220610305152573,1.0019572246891684
2.5357678839419706,1.0009801773411495
2.549474737368684,1.0013096260963552
2.5631815907953976,0.9984787049177178
2.576888444222111,1.0006968347012997
2.5905952976488242,0.9984082419731123
2.6043021510755375,0.9976745315930368
2.618009004502251,1.0013240001794272
2.631715857928964,0.9996323146625726
2.6454227113556774,0.9304983457367938
2.659129564782391,0.8593545416225878
2.6728364182091044,0.8589233981492514
2.6865432716358177,0.856044213731479
2.700250125062531,0.858049774539308
2.7139569784892443,0.856066250858372
2.7276638319159576,0.8595640610452667
2.741370685342671,0.8568128314895597
2.755077538769384,0.8586847283827026
2.768784392196098,0.8576561866851566
2.7824912456228112,0.859734365266363
2.7961980990495245,0.9322962885563194
2.809904952476238,1.002811262297541
2.823611805902951,1.0011732868725394
2.8373186593296644,1.0034746274934883
2.8510255127563777,0.9975866152758074
2.8647323661830915,0.996993635227675
2.8784392196098048,1.0022067172440614
2.892146073036518,0.9992453181964106
2.9058529264632313,1.0004772895176601
2.9195597798899446,1.0018297771563758
2.933266633316658,0.9961008025086887
2.9469734867433712,1.0007541731982654
2.960680340170085,0.8012017463831392
2.9743871935967983,0.6047353763929793
2.9880940470235116,0.5186525087373778
3.001800900450225,0.5256097560048228
3.015507753876938,0.5202132153453796
3.0292146073036514,0.5218064857950883
3.0429214607303647,0.5199278283883035
3.056628314157078,0.5210493664229466
3.0703351675837918,0.5199573628559649
3.084042021010505,0.5237510320333373
3.0977488744372184,0.5188087631038399
3.1114557278639317,0.5231223714515275
3.125162581290645,0.5214937866590897
3.1388694347173582,0.5895602319268984
3.1525762881440715,0.7877633836164056
3.1662831415707853,0.9875167355102608
3.1799899949974986,0.9974161284858869
3.193696848424212,0.9991621003973697
3.207403701850925,0.9999184018241685
3.2211105552776385,1.0031643982729215
3.2348174087043517,0.9987614418848604
3.248524262131065,0.9983368748433162
3.262231115557779,1.0017496907349746
3.275937968984492,0.9975289425300746
3.2896448224112054,1.000842743651399
3.3033516758379187,0.9975928167360448
3.317058529264632,0.9387396493234835
3.3307653826913453,0.8622650118012056
3.3444722361180586,0.8563578862544595
3.358179089544772,0.8563093849380611
3.3718859429714856,0.8564053222493
3.385592796398199,0.855228369003829
3.399299649824912,0.8569433178773597
3.4130065032516255,0.8538825074681918
3.4267133566783388,0.8575546947130533
3.440420210105052,0.8555797971430198
3.4541270635317654,0.857598463664477
3.467833916958479,0.9300117019306317
3.4815407703851924,1.000847783286214
3.4952476238119057,1.00063005640572
3.508954477238619,0.9964839115028116
3.5226613306653323,1.0001176168873323
3.5363681840920456,0.9998488334161214
3.550075037518759,0.9965858022054229
3.5637818909454726,1.0021604264288195
3.577488744372186,0.9984947559682132
3.591195597798899,0.9996980978975263
3.6049024512256125,1.000200303229937
3.6186093046523258,1.001998859587116
3.632316158079039,0.8232144058229139
3.6460230115057524,0.624801585431364
3.659729864932466,0.5218688612619634
3.6734367183591794,0.5214899550273645
3.6871435717858927,0.5213421677443401
3.700850425212606,0.5210475187597785
3.7145572786393193,0.5198700922318743
3.7282641320660326,0.5224867959564581
3.741970985492746,0.5225328893555812
3.755677838919459,0.5218056730475418
3.769384692346173,0.5197459310627714
3.783091545772886,0.5212800365420377
3.7967983991995995,0.5234470341834615
3.810505252626313,0.5785989355467941
3.824212106053026,0.7733156868008051
3.8379189594797394,0.9742909683024801
3.8516258129064527,0.9984764772170656
3.8653326663331664,1.001104055370915
3.8790395197598797,1.0004945327026158
3.892746373186593,1.0021063437699156
3.9064532266133063,0.9989408155260313
3.9201600800400196,0.998354842897822
3.933866933466733,1.0016275484889887
3.947573786893446,0.9978241692877166
3.96128064032016,1.0008045664002436
3.974987493746873,0.9995986591909167
3.9886943471735865,0.9489313126585068
4.0024012006003,0.8696654401505775
4.016108054027013,0.8601602624566388
4.029814907453726,0.8600803032375076
4.04352176088044,0.8573222642607156
4.057228614307153,0.8573880967025018
4.070935467733866,0.858659131888739
4.08464232116058,0.8607349655082195
4.098349174587293,0.8597431894300028
4.112056028014007,0.8567794251394002
4.12576288144072,0.8610612660483136
4.139469734867434,0.9234295732699439
4.153176588294147,0.9979989651992884
4.16688344172086,0.9982481160061533
4.1805902951475735,0.9974573297406947
4.194297148574287,0.9974184226097343
4.208004002001,1.0003814665529156
4.221710855427713,1.002131340778502
4.235417708854427,1.0038904246129836
4.24912456228114,1.0000197548074397
4.262831415707853,0.9968368888470823
4.276538269134567,1.00337226803882
4.29024512256128,0.9987827796973906
4.303951975987993,0.8338951013664819
4.317658829414707,0.6390938846147257
4.331365682841421,0.5214565945835311
4.345072536268134,0.5185177538897747
4.358779389694847,0.5238143967700242
4.3724862431215605,0.5212740944887415
4.386193096548274,0.5240892310939186
4.399899949974987,0.5224789480254609
4.4136068034017,0.5240779545655219
4.427313656828414,0.5165472158251048
4.441020510255127,0.5193345607113501
4.45472736368184,0.521080902694164
4.468434217108554,0.5228293132731048
4.482141070535267,0.5606322943978164
4.49584792396198,0.7649730335477384
4.5095547773886935,0.9605254733637555
4.523261630815408,1.0028903409288221
4.536968484242121,0.9988992295119599
4.550675337668834,1.0009736911118567
4.5643821910955475,0.9966826537879628
4.578089044522261,1.0039379078627122
4.591795897948974,0.9972919359062409
4.605502751375687,0.9847317741841152
4.619209604802401,0.9990023977328042
4.632916458229114,0.9986420332265677
4.646623311655827,1.0033154225965897
4.660330165082541,0.9481451247313516
4.674037018509254,0.8764600254999648
4.687743871935967,0.8542172042534928
4.7014507253626805,0.8606128184477926
4.715157578789395,0.8594674968794344
4.728864432216108,0.8583018970994053
4.742571285642821,0.8591567122372632
4.756278139069535,0.8567711417676338
4.769984992496248,0.8598270819531247
4.783691845922961,0.8552383544860648
4.7973986993496744,0.8572855375505934
4.811105552776388,0.9133412199553457
4.824812406203101,0.9915621851695257
4.838519259629814,0.999233689452706
4.852226113056528,1.0007701280932257
4.865932966483241,0.9973082830575699
4.879639819909954,1.0004787107628164
4.8933466733366675,0.9992391702399459
4.907053526763381,1.0012902062018219
4.920760380190095,0.998973232999451
4.934467233616808,1.0009267424787882
4.948174087043522,1.007642525896916
4.961880940470235,0.9954852300100748
4.975587793896948,0.8519826424896116
4.9892946473236615,0.6518124318357462
5.003001500750375,0.5223484661189224
5.016708354177088,0.5212224046648678
5.030415207603801,0.5214552431197852
5.044122061030515,0.522519121874628
5.057828914457228,0.5178432368339131
5.071535767883941,0.5196968757298999
5.0852426213106545,0.5249944842690114
5.098949474737368,0.5197264444535881
5.112656328164081,0.5205828726064989
5.126363181590795,0.5187186076386345
5.140070035017509,0.5246959566658987
5.153776888444222,0.5478507357219308
5.167483741870935,0.7473903623273703
5.1811905952976485,0.9438485076796105
5.194897448724362,0.9985128257688708
5.208604302151075,0.9967604793025925
5.222311155577788,1.0042759463889066
5.236018009004502,1.0022992019215362
5.249724862431215,1.0011804874253243
5.263431715857928,1.0012214331851452
5.2771385692846415,0.995908247179488
5.290845422711355,1.0014019157503544
5.304552276138068,1.0025193033909443
5.318259129564782,0.997714841989853
5.331965982991496,0.9568715100961064
5.345672836418209,0.8854270990972064
5.359379689844922,0.8583553187304657
5.3730865432716355,0.8599680315267225
5.386793396698349,0.8566641061894595
5.400500250125062,0.8599177017973249
5.414207103551775,0.8585945295215208
5.427913956978489,0.8584075958160874
5.441620810405202,0.8599158882695008
5.455327663831915,0.857991433834394
5.4690345172586285,0.8586115967593491
5.482741370685342,0.9092059474549066
5.496448224112055,0.9848314430760347
5.510155077538768,0.9978469954471578
5.523861930965483,0.9992917824275399
5.537568784392196,1.0005602773011841
5.551275637818909,1.000093622819778
5.5649824912456225,0.9990843718182678
5.578689344672336,0.9987267546863868
5.592396198099049,0.9989024572727314
5.606103051525762,0.9996596475450467
5.619809904952476,0.9983801629817617
5.633516758379189,1.0018259150189135
5.647223611805902,0.8670861969915943
5.660930465232616,0.6682145979346085
5.674637318659329,0.5236361864210965
5.688344172086042,0.5223839194355715
5.7020510255127554,0.5186295495942385
5.71575787893947,0.524391300425689
5.729464732366183,0.5196399387158788
5.743171585792896,0.5184859623483915
5.7568784392196095,0.5226105612461684
5.770585292646323,0.5225459287540403
5.784292146073036,0.5217502936656354
5.797998999499749,0.521209311050741
5.811705852926463,0.5184821174464191
5.825412706353176,0.532464439588099
5.839119559779889,0.7311539983093284
5.852826413206603,0.9281325036644037
5.866533266633316,0.9973227378722596
5.880240120060029,0.9994359088981586
5.8939469734867425,1.000071883234519
5.907653826913456,0.9992805991981684
5.92136068034017,1.0010748583049673
5.935067533766883,0.9959616746659431
5.9487743871935965,0.9991385503345814
5.96248124062031,1.00066029639655
5.976188094047023,0.9974245562311602
5.989894947473736,0.9976241310797617
6.00360180090045,0.959512032374379
6.017308654327163,0.8869418679366367
6.031015507753876,0.8613292503809732
6.04472236118059,0.8571898594081111
6.058429214607303,0.8599187493999536
6.072136068034016,0.8586224231967319
6.0858429214607295,0.8557850806496032
6.099549774887443,0.8597399407526927
6.113256628314156,0.861095612419966
6.12696348174087,0.8581959336556207
6.1406703351675835,0.8566973840561635
6.154377188594297,0.9002366669034326
6.16808404202101,0.9779357544732469
6.181790895447723,0.9992779853531556
6.195497748874437,0.9994136799631058
6.20920460230115,0.9985259515562482
6.222911455727863,1.0021691690897137
6.236618309154577,1.0000540378213933
6.25032516258129,1.0011542385206171
6.264032016008003,0.9965162387776874
6.2777388694347165,0.9982631350344625
6.29144572286143,1.0026950770434269
6.305152576288143,0.9985621710830356
6.318859429714857,0.8822096146647175
6.3325662831415706,0.6849459116586493
6.346273136568284,0.5220901852294499
6.359979989994997,0.5221064062289561
6.37368684342171,0.5202378948866363
6.387393696848424,0.5237351989919145
6.401100550275137,0.5220509728867527
6.41480740370185,0.518848267896128
6.428514257128564,0.5219015158628265
6.442221110555277,0.5208737396931495
6.45592796398199,0.5216847897840439
6.4696348174087035,0.5192820998721699
6.483341670835417,0.5231825518861685
6.49704852426213,0.5191885308704535
6.510755377688843,0.7158261991023299
6.524462231115558,0.9161016242827179
6.538169084542271,0.9953722987376291
6.551875937968984,0.9991101633229924
6.5655827913956974,0.9987446320429915
6.579289644822411,0.9964520716934553
6.592996498249124,0.9988100226057408
6.606703351675837,0.9993459707784133
6.620410205102551,0.9973592791512549
6.634117058529264,0.9999303675236015
6.647823911955977,0.9990312164158195
6.6615307653826905,0.9990451603550694
6.675237618809404,0.9638148577776661
6.688944472236117,0.891070272955283
6.70265132566283,0.8590539682177318
6.716358179089544,0.8595772680879102
6.730065032516258,0.8599068127626652
6.743771885942971,0.8533187663465697
6.7574787393696845,0.8591144895183696
6.771185592796398,0.8569548337478388
6.784892446223111,0.859607163173525
6.798599299649824,0.8606133375514784
6.812306153076538,0.8603100064592818
6.826013006503251,0.9011120935506265
6.839719859929964,0.9736950187991955
6.8534267133566775,0.985999432099887
6.867133566783391,0.996936481402218
6.880840420210104,1.0008139269479124
6.894547273636817,1.0006810542258682
6.908254127063531,1.0017056112775058
6.921960980490245,1.0021605885883775
6.935667833916958,1.0026031157133901
6.9493746873436715,1.0029770796177135
6.963081540770385,0.9962121638692661
6.976788394197098,0.9979697040840074
6.990495247623811,0.8966102294917375
7.004202101050525,0.6983115484642838
7.017908954477238,0.5173752491983364
7.031615807903951,0.5206487288770743
7.0453226613306645,0.5235470242333436
7.059029514757378,0.5211487752869425
7.072736368184091,0.5202587217246509
7.086443221610804,0.5198859219429858
7.100150075037518,0.5245283260595313
7.113856928464231,0.5210954796127001
7.127563781890945,0.5210413909288546
7.1412706353176585,0.5220006764488853
7.154977488744372,0.5219477887135201
7.168684342171085,0.5207128614905149
7.182391195597798,0.7035514626573083
7.196098049024512,0.9003410434787851
7.209804902451225,1.0021440958857528
7.223511755877938,1.0048450234674855
7.2372186093046516,1.0001588207573402
7.250925462731365,1.000564616606682
7.264632316158078,0.9994791934316891
7.278339169584791,1.0034625830318542
7.292046023011505,0.9977690001485106
7.305752876438218,0.9987163933431623
7.319459729864932,0.9921520446711759
7.3331665832916455,1.0006142918397376
7.346873436718359,0.9744682438976691
7.360580290145072,0.8990250881176945
7.374287143571785,0.8621606146087338
7.387993996998499,0.8569900776822027
7.401700850425212,0.8566642274159927
7.415407703851925,0.8579662041996288
7.429114557278639,0.8589119468586158
7.442821410705352,0.8586240089199354
7.456528264132065,0.85868804429259
7.4702351175587784,0.8591073146157217
7.483941970985492,0.8561074623282299
7.497648824412205,0.8922510007612641
7.511355677838918,0.968303133098537
7.5250625312656325,1.0021025390318608
7.538769384692346,0.9998094017958501
7.552476238119059,1.0046183555499943
7.566183091545772,1.000993208135146
7.579889944972486,1.0023689280733246
7.593596798399199,1.001202978128395
7.607303651825912,0.9991237256925295
7.621010505252626,1.00385423278985
7.634717358679339,0.9998339367727594
7.648424212106052,0.9967278193821796
7.6621310655327655,0.9141635987768333
7.675837918959479,0.7112079295418001
7.689544772386192,0.5228567156825951
7.703251625812905,0.5234907524421091
7.716958479239619,0.5233619988818936
7.730665332666333,0.5225212801306977
7.744372186093046,0.5221862565865553
7.758079039519759,0.5173628405739059
7.771785892946473,0.5225898406346957
7.785492746373186,0.5223969137831255
7.799199599799899,0.5218302965985728
7.812906453226613,0.5222925195548094
7.826613306653326,0.5210386222696402
7.840320160080039,0.5237916995910351
7.8540270135067525,0.680538738988309
7.867733866933466,0.8863420748414013
7.881440720360179,0.9975510954884896
7.895147573786892,0.9972907910596258
7.908854427213606,1.0032543130036713
7.92256128064032,0.9986331996138721
7.936268134067033,0.9993410141418649
7.949974987493746,1.0007028215239437
7.96368184092046,0.9995811780572056
7.977388694347173,0.9996663018770672
7.991095547773886,1.001778927723698
8.0048024012006,0.9971081292347833
8.018509254627313,0.9751398993318492
8.032216108054026,0.9037434526307698
8.04592296148074,0.8605679439341516
8.059629814907453,0.8608182157396944
8.073336668334166,0.8581288432317316
8.08704352176088,0.8605745471653267
8.100750375187593,0.8600718750121507
8.114457228614306,0.8573781773455101
8.12816408204102,0.8653000853500264
8.141870935467733,0.859772106693926
8.155577788894446,0.8599332886684204
8.16928464232116,0.8872967593389431
8.182991495747872,0.9663904424450724
8.196698349174586,1.0006850464990413
8.210405202601299,1.0025264188570235
8.224112056028014,0.996418742987277
8.237818909454727,0.9999101201735056
8.25152576288144,0.9992206927704168
8.265232616308154,0.9977182298343462
8.278939469734867,1.0005021599826651
8.29264632316158,1.0015555495457287
8.306353176588294,1.0019269843413634
8.320060030015007,1.003146281315142
8.33376688344172,0.9259453983005906
8.347473736868434,0.7268047770275287
8.361180590295147,0.5272265681408219
8.37488744372186,0.5190303353228899
8.388594297148574,0.5183788962947412
8.402301150575287,0.5241758481829387
8.416008004002,0.5238958279926565
8.429714857428714,0.5196986108380885
8.443421710855427,0.5225588538078227
8.45712856428214,0.5225883249732713
8.470835417708853,0.5245873304639985
8.484542271135567,0.5220739531833669
8.49824912456228,0.5239882997333607
8.511955977988993,0.5204100052722225
8.525662831415707,0.6677171746056845
8.53936968484242,0.8686092315210245
8.553076538269133,1.0009479285576846
8.566783391695846,1.0024995838398791
8.58049024512256,0.9974941675918392
8.594197098549273,1.0026698670368959
8.607903951975986,0.9980035026477032
8.6216108054027,1.0006660823519682
8.635317658829415,1.0012745569400354
8.649024512256128,0.9994639324996802
8.662731365682841,1.001296700175198
8.676438219109555,1.001032323123622
8.690145072536268,0.9795576361636343
8.703851925962981,0.9080285071411737
8.717558779389694,0.8576790253568487
8.731265632816408,0.8628795751199452
8.744972486243121,0.8608322322310783
8.758679339669834,0.8550594045181167
8.772386193096548,0.8600195912911398
8.786093046523261,0.8568599260965359
8.799799899949974,0.859468837302295
8.813506753376688,0.857534876087438
8.8272136068034,0.8622565402630297
8.840920460230114,0.8787241491023121
8.854627313656827,0.955972222616676
8.86833416708354,0.9999075491374863
8.882041020510254,0.9979904695860812
8.895747873936967,1.0006426435868117
8.90945472736368,0.9970551682736665
8.923161580790394,1.0005380864407147
8.936868434217107,0.9959017775737437
8.95057528764382,1.0020386541683668
8.964282141070534,0.9994968675728865
8.977988994497247,0.9951437328911577
8.99169584792396,0.9990544956922739
9.005402701350674,0.9363789001449387
9.019109554777387,0.7503721105207268
9.032816408204102,0.5428238898750034
9.046523261630815,0.5200692994073494
9.060230115057529,0.5228540972755691
9.073936968484242,0.5243578063117572
9.087643821910955,0.5243770224325809
9.101350675337669,0.5243354557389164
9.115057528764382,0.5224986675359881
9.128764382191095,0.5199099478770253
9.142471235617808,0.5250499572589788
9.156178089044522,0.5215648667525336
9.169884942471235,0.5186047351296241
9.183591795897948,0.5218696599639352
9.197298649324662,0.6539557357944513
9.211005502751375,0.8541465395509767
9.224712356178088,0.9985686781522192
9.238419209604801,0.9993035626880218
9.252126063031515,1.0018335713788769
9.265832916458228,0.9984467787766048
9.279539769884941,0.9981691020193558
9.293246623311655,0.9963444607159695
9.306953476738368,0.9989600868417672
9.320660330165081,1.000383390048073
9.334367183591795,1.004116167384189
9.348074037018508,0.9991649827816341
9.361780890445221,0.9895782327592841
9.375487743871934,0.9143784182169354
9.389194597298648,0.8557346874614687
9.402901450725361,0.8605359971626165
9.416608304152074,0.8586137607067689
9.43031515757879,0.8583688671651141
9.444022011005503,0.8585611733545586
9.457728864432216,0.8599360261780106
9.47143571785893,0.8609400268215222
9.485142571285643,0.8597271944789759
9.498849424712356,0.8569220068884167
9.51255627813907,0.8778387538674113
9.526263131565782,0.9506691346549633
9.539969984992496,0.9988340401214952
9.553676838419209,0.9997046384193878
9.567383691845922,0.9992751392402379
9.581090545272636,1.0012159358975843
9.594797398699349,0.9982288954443248
9.608504252126062,1.002193178203923
9.622211105552775,0.9958009525665888
9.635917958979489,0.9990028461583528
9.649624812406202,0.9992375930857873
9.663331665832915,1.0039866700746307
9.677038519259629,0.9554695168551717
9.690745372686342,0.7596005009065877
9.704452226113055,0.5590436331665101
9.718159079539769,0.523188851641536
9.731865932966482,0.5209621650424034
9.745572786393195,0.518573952323955
9.759279639819908,0.5234523419767627
9.772986493246622,0.5218531143919373
9.786693346673335,0.5197458251154332
9.800400200100048,0.5212823760907596
9.814107053526762,0.5211967051929198
9.827813906953477,0.5232632273478603
9.84152076038019,0.5227423065516031
9.855227613806903,0.5218487900473444
9.868934467233617,0.6422089957946093
9.88264132066033,0.8396741955995509
9.896348174087043,1.0008493876010767
9.910055027513756,1.0012114706030144
9.92376188094047,1.0009440003566625
9.937468734367183,0.9989320796068839
9.951175587793896,1.0011681372504833
9.96488244122061,0.9981583755327789
9.978589294647323,1.0032558920426282
9.992296148074036,0.9967823769352449
10.00600300150075,0.9995178014170293
10.019709854927463,1.0012215475172381
10.033416708354176,0.9915256876283927
10.04712356178089,0.9203370802465903
10.060830415207603,0.8540328545755913
10.074537268634316,0.8546942728329477
10.08824412206103,0.8601147092746376
10.101950975487743,0.8548095556411585
10.115657828914456,0.8576996567154995
10.12936468234117,0.8587423503154119
10.143071535767882,0.8571821781754123
10.156778389194596,0.860828313352502
10.170485242621309,0.8592875682605524
10.184192096048022,0.872232001646551
10.197898949474736,0.9475956618486258
10.211605802901449,0.9985431879790386
10.225312656328162,1.0020855713731232
10.239019509754877,1.003007481868328
10.25272636318159,1.0011910466100034
10.266433216608304,1.0002669472142807
10.280140070035017,0.9971695735036753
10.29384692346173,0.9998479674681784
10.307553776888444,1.0043718271426634
10.321260630315157,0.9974828650016656
10.33496748374187,1.0029094111318517
10.348674337168584,0.9730307411004134
10.362381190595297,0.7704066614242866
10.37608804402201,0.5771792607209971
10.389794897448724,0.5214910317288456
10.403501750875437,0.5224792645569898
10.41720860430215,0.5203322242458117
10.430915457728863,0.5178491140366293
10.444622311155577,0.5201066129233692
10.45832916458229,0.5205267245663623
10.472036018009003,0.5250182152903632
10.485742871435717,0.5243787822322787
10.49944972486243,0.526014307471231
10.513156578289143,0.5219009655168377
10.526863431715856,0.5219821934717426
10.54057028514257,0.6225884447711
10.554277138569283,0.8226916052838392
10.567983991995996,1.0004694051886662
10.58169084542271,1.000781277336077
10.595397698849423,0.9987580977144894
10.609104552276136,0.9981702900666352
10.62281140570285,1.002210165377647
10.636518259129565,1.0012900108020395
10.650225112556278,0.9961148821972535
10.663931965982991,0.9992525010028407
10.677638819409704,0.9979707749552881
10.691345672836418,1.0009873950854018
10.705052526263131,0.9945125850819719
10.718759379689844,0.9265994571479023
10.732466233116558,0.8601320658286434
10.746173086543271,0.8546071483971089
10.759879939969984,0.8567303757877902
10.773586793396698,0.8573573557063168
10.78729364682341,0.8603951721627308
10.801000500250124,0.8596984824756199
10.814707353676837,0.8572710838010549
10.82841420710355,0.8563769125672595
10.842121060530264,0.8597853955433825
10.855827913956977,0.8651913356954914
10.86953476738369,0.9423636316423214
10.883241620810404,1.0013044991244762
10.896948474237117,0.9989460320711838
10.91065532766383,0.9995187860198321
10.924362181090544,1.000442063736886
10.938069034517257,1.0023803573746994
10.95177588794397,1.0007737296069785
10.965482741370684,1.0025345283015976
10.979189594797397,1.000685720657383
10.99289644822411,0.9978675056391949
11.006603301650824,1.0038713818765854
11.020310155077537,0.9852959560950735
11.034017008504252,0.7935738137963739
11.047723861930965,0.5888723841085213
11.061430715357679,0.5214780437682723
11.075137568784392,0.5199859439503232
11.088844422211105,0.5203492289833217
11.102551275637818,0.5213450743014996
11.116258129064532,0.5215630000096653
11.129964982491245,0.522883030956281
11.143671835917958,0.5228915945553341
11.157378689344672,0.5218646150747017
11.171085542771385,0.5237352687442771
11.184792396198098,0.5228246435260385
11.198499249624811,0.520949242127101
11.212206103051525,0.608950378183304
11.225912956478238,0.8063109672064672
11.239619809904951,1.0003630567899775
11.253326663331665,1.0029582424557018
11.267033516758378,0.9987175120140844
11.280740370185091,1.0025232833167068
11.294447223611805,0.9966163333847541
11.308154077038518,0.9995639769540287
11.321860930465231,0.9965718646527872
11.335567783891944,1.0010412364971661
11.349274637318658,0.9977552654256753
11.362981490745371,0.998450560360613
11.376688344172084,1.0015771977306291
11.390395197598798,0.928292193135906
11.404102051025511,0.8584087346828368
11.417808904452224,0.8591287332093959
11.43151575787894,0.8596715967294035
11.445222611305653,0.8571184268347402
11.458929464732366,0.8544330463345557
11.47263631815908,0.8567199289439632
11.486343171585792,0.8591659729761195
11.500050025012506,0.8549535752634945
11.513756878439219,0.8583577299412534
11.527463731865932,0.859573350214445
11.541170585292646,0.9343863710932934
11.554877438719359,0.9993033776966344
11.568584292146072,0.9977809457593234
11.582291145572785,0.9994687770191883
11.595997998999499,1.0010086106672638
11.609704852426212,1.0006855090523064
11.623411705852925,0.998892978089328
11.637118559279639,1.001078459620572
11.650825412706352,0.9970588574661391
11.664532266133065,1.0013833452303416
11.678239119559779,0.9965255568898244
11.691945972986492,1.0002141496137058
11.705652826413205,0.8028998212981986
11.719359679839918,0.6059295709137955
11.733066533266632,0.518675774668729
11.746773386693345,0.5239742811793929
11.760480240120058,0.519243639820191
11.774187093546772,0.5227405576115511
11.787893946973485,0.5224185449661206
11.801600800400198,0.5224295441601335
11.815307653826912,0.5191764724724414
11.829014507253625,0.5228917289074585
11.84272136068034,0.5223124830266225
11.856428214107053,0.5187800898809748
11.870135067533766,0.5161336207662273
11.88384192096048,0.594777844057865
11.897548774387193,0.7926131626583846
11.911255627813906,0.9952847522872968
11.92496248124062,0.9989635136120173
11.938669334667333,0.997077472772701
11.952376188094046,1.0005113550003073
11.96608304152076,0.9994632584832336
11.979789894947473,0.9990429752553573
11.993496748374186,0.9976732543681076
12.0072036018009,1.0013607442765753
12.020910455227613,1.0019954257808659
12.034617308654326,1.0011994295325446
12.04832416208104,0.9965215592725942
12.062031015507753,0.940560639513634
12.075737868934466,0.8639088020893052
12.08944472236118,0.8624632276481248
12.103151575787892,0.8574414086998969
12.116858429214606,0.858953992715477
12.130565282641319,0.8581772709417997
12.144272136068032,0.8536794050643569
12.157978989494746,0.858874697341966
12.171685842921459,0.8576244314597228
12.185392696348172,0.8583053388760327
12.199099549774886,0.8624693509297419
12.212806403201599,0.9321488068973681
12.226513256628312,1.0042236073855522
12.240220110055027,1.0016516048164514
12.25392696348174,0.9957360290640628
12.267633816908454,1.0001099868959162
12.281340670335167,1.0014725424760542
12.29504752376188,0.9980592658239007
12.308754377188594,1.0041517743137494
12.322461230615307,1.0021373915106044
12.33616808404202,0.9995355869481078
12.349874937468734,0.998985612751876
12.363581790895447,0.996588150139029
12.37728864432216,0.817189114356052
12.390995497748873,0.6201948714492003
12.404702351175587,0.5212786573833741
12.4184092046023,0.5228832612929308
12.432116058029013,0.5245270450991402
12.445822911455727,0.5180929778227343
12.45952976488244,0.5239521454163959
12.473236618309153,0.5154085136250482
12.486943471735866,0.5200723621899812
12.50065032516258,0.5226821757339843
12.514357178589293,0.5221075768156817
12.528064032016006,0.5239114548936872
12.54177088544272,0.5227664593271102
12.555477738869433,0.5788370877443657
12.569184592296146,0.7761738428052892
12.58289144572286,0.9768547315112991
12.596598299149573,0.998534626107504
12.610305152576286,1.0019309145753952
12.624012006003,1.0008853630842538
12.637718859429715,0.9964576006346474
12.651425712856428,1.0004911973007697
12.665132566283141,1.000658826458973
12.678839419709854,1.002412261533251
12.692546273136568,1.0001767974660636
12.706253126563281,0.9972483137503267
12.719959979989994,1.0025578098598802
12.733666833416708,0.9459679902191844
12.74737368684342,0.8647221601561622
12.761080540270134,0.8569315317605147
12.774787393696847,0.858883690402943
12.78849424712356,0.8570082329375416
12.802201100550274,0.8578529155561382
12.815907953976987,0.856164647383095
12.8296148074037,0.8589440899939557
12.843321660830414,0.8579931993624779
12.857028514257127,0.8574962131337873
12.87073536768384,0.8572265570067663
12.884442221110554,0.9242115056133949
12.898149074537267,0.9980109482359537
12.91185592796398,1.0011319770170035
12.925562781390694,1.0033458164385392
12.939269634817407,0.9944096404279872
12.95297648824412,0.997883789512502
12.966683341670834,1.0013035960668542
12.980390195097547,0.9968836300440933
12.99409704852426,0.9989417129794416
13.007803901950973,0.9993377440471922
13.021510755377687,0.9985237559462063
13.035217608804402,0.999581856870114
13.048924462231115,0.8352874509051175
13.062631315657828,0.636173163561143
13.076338169084542,0.5210116579974965
13.090045022511255,0.5255444503017467
13.103751875937968,0.5193057671970016
13.117458729364682,0.5206148674460923
13.131165582791395,0.5179459153716229
13.144872436218108,0.5208490991600316
13.158579289644821,0.521342853133673
13.172286143071535,0.5204057342879344
13.185992996498248,0.5196231506152404
13.199699849924961,0.5255367207240904
13.213406703351675,0.520215251505112
13.227113556778388,0.5658781821013144
13.240820410205101,0.766794176961897
13.254527263631815,0.9643412032778261
13.268234117058528,1.0006767963893777
13.281940970485241,1.0030373782274256
13.295647823911954,0.9998638391357055
13.309354677338668,0.9971114312248439
13.323061530765381,1.0006621751496085
13.336768384192094,0.9974566555331535
13.350475237618808,1.000635217582516
13.364182091045521,0.9984637053685403
13.377888944472234,0.99833715955334
13.391595797898947,0.9982337523350795
13.40530265132566,0.9487372712850233
13.419009504752374,0.8759438253056492
13.432716358179087,0.8587680509667928
13.446423211605802,0.8627567434326353
13.460130065032516,0.8584145968025708
13.473836918459229,0.8623292170886921
13.487543771885942,0.8596448108225461
13.501250625312656,0.862896335180684
13.514957478739369,0.86335123915621
13.528664332166082,0.8567640719557045
13.542371185592796,0.8592989553625309
13.556078039019509,0.9156562113111666
13.569784892446222,0.9926638601786101
13.583491745872935,0.9998440207675475
13.597198599299649,1.001882600117161
13.610905452726362,1.0020829200994381
13.624612306153075,1.003917664766849
13.638319159579789,0.9997229521304049
13.652026013006502,1.0026828867716455
13.665732866433215,0.9980954913954952
13.679439719859928,0.9958575702084007
13.693146573286642,1.0044825705693814
13.706853426713355,1.0038680310547523
13.720560280140068,0.8506310009402559
13.734267133566782,0.6511881607055182
13.747973986993495,0.5257168568641758
13.761680840420208,0.5199061124162219
13.775387693846922,0.5172592221384856
13.789094547273635,0.52045394474324
13.802801400700348,0.5250524686066143
13.816508254127061,0.5275813766324037
13.830215107553775,0.5212389648080233
13.84392196098049,0.5226267462274916
13.857628814407203,0.5250843142614194
13.871335667833916,0.5217633553615081
13.88504252126063,0.5197407306345053
13.898749374687343,0.5472935024695413
13.912456228114056,0.7495156002080098
13.92616308154077,0.9457172001127351
13.939869934967483,0.9939352408205135
13.953576788394196,1.0013589769200208
13.96728364182091,0.9997045357032666
13.980990495247623,1.0016886672270782
13.994697348674336,0.9998223821348408
14.00840420210105,1.0024377445293111
14.022111055527763,0.9959739247545283
14.035817908954476,1.000687958423026
14.04952476238119,0.9981903237149534
14.063231615807902,0.9833680791877067
14.076938469234616,0.9560343807470734
14.090645322661329,0.880852714544626
14.104352176088042,0.8547060201506296
14.118059029514756,0.8558014720565481
14.131765882941469,0.8553041979909851
14.145472736368182,0.8553988676420631
14.159179589794896,0.8566676412017615
14.172886443221609,0.85518016631303
14.186593296648322,0.8561163632241463
14.200300150075035,0.8587133980631487
14.214007003501749,0.8563115206269813
14.227713856928462,0.9119159420114628
14.241420710355177,0.9859243451360885
14.25512756378189,1.0027076049652728
14.268834417208604,1.0000942653891354
14.282541270635317,0.9979335690639181
14.29624812406203,0.9990139752829793
14.309954977488744,0.9985549703782531
14.323661830915457,0.9968697524489072
14.33736868434217,1.0003615128079042
14.351075537768883,0.9968710064731392
14.364782391195597,1.0021270582076065
14.37848924462231,0.9974638801262025
14.392196098049023,0.8657803525875605
14.405902951475737,0.663200095722609
14.41960980490245,0.5234246233198904
14.433316658329163,0.5249895267187789
14.447023511755877,0.5244598244941773
14.46073036518259,0.5239577809002283
14.474437218609303,0.5230897273431842
14.488144072036016,0.5227893739034145
14.50185092546273,0.521090064369117
14.515557778889443,0.5223313299969095
14.529264632316156,0.5207241305469282
14.54297148574287,0.5268541625656871
14.556678339169583,0.5187512860816769
14.570385192596296,0.5331171974920488
14.58409204602301,0.7348082661203715
14.597798899449723,0.9315058045265879
14.611505752876436,1.0004675384425517
14.62521260630315,1.0013584654077765
14.638919459729864,0.999124951232316
14.652626313156578,0.9952226877737066
14.666333166583291,1.0004040474969202
14.680040020010004,1.0008857209819007
14.693746873436718,0.9996425538040705
14.70745372686343,0.9996147227979241
14.721160580290144,0.9971465852275901
14.734867433716857,1.0024467958792138
14.74857428714357,0.9603910055502796
14.762281140570284,0.8849678662419742
14.775987993996997,0.8581342073073774
14.78969484742371,0.8613674017344135
14.803401700850424,0.8606477533021862
14.817108554277137,0.8572365791971955
14.83081540770385,0.8581271676275306
14.844522261130564,0.8604487054416561
14.858229114557277,0.8595438448592537
14.87193596798399,0.8565771077893918
14.885642821410704,0.855323428287891
14.899349674837417,0.9072776610175374
14.91305652826413,0.9777930974913669
14.926763381690844,1.0025984552210996
14.940470235117557,0.9977345281539607
14.95417708854427,1.0011816606777406
14.967883941970983,0.9975843146850151
14.981590795397697,0.9994553524002957
14.99529764882441,0.9978682470798315
15.009004502251123,0.9993382334889481
15.022711355677837,0.9994169232676993
15.03641820910455,1.0013929997561841
15.050125062531265,0.9987143507943647
15.063831915957978,0.879755732011593
15.077538769384692,0.677071941381196
15.091245622811405,0.5222964465104847
15.104952476238118,0.524029507552662
15.118659329664832,0.5236776924968845
15.132366183091545,0.5203221970951737
15.146073036518258,0.5195679067231843
15.159779889944971,0.5233354144490282
15.173486743371685,0.5227320920178077
15.187193596798398,0.5185098841764566
15.200900450225111,0.5204726258163757
15.214607303651825,0.5232595013742879
15.228314157078538,0.522615480252888
15.242021010505251,0.5212644702899268
15.255727863931964,0.7186124603976345
15.269434717358678,0.91775325482323
15.283141570785391,1.0035631844090547
15.296848424212104,0.9991569637902333
15.310555277638818,0.9986812031737018
15.324262131065531,0.9976679449158169
15.337968984492244,1.0008411515871525
15.351675837918958,0.9982041936641537
15.36538269134567,0.9985970373816524
15.379089544772384,0.9997439083470318
15.392796398199097,0.999039668857221
15.40650325162581,0.9975337265323161
15.420210105052524,0.9669211738005324
15.433916958479237,0.892828456633522
15.447623811905952,0.8586613377032135
15.461330665332666,0.8597265928292634
15.475037518759379,0.8613051966885376
15.488744372186092,0.8573825873254693
15.502451225612806,0.8604470252750221
15.516158079039519,0.8572236646510004
15.529864932466232,0.8574700087029027
15.543571785892945,0.8612549161731381
15.557278639319659,0.8561565290601728
15.570985492746372,0.8974631872317934
15.584692346173085,0.9709421013923111
15.598399199599799,0.9964677970689368
15.612106053026512,1.0004333941171295
15.625812906453225,0.998806103232976
15.639519759879938,1.0029426069935727
15.653226613306652,1.0043079133689574
15.666933466733365,1.0003080911733744
15.680640320160078,1.0006669415182468
15.694347173586792,1.00337597172842
15.708054027013505,1.0004224407948983
15.721760880440218,1.0015954483632596
15.735467733866932,0.891066957383738
15.749174587293645,0.694063862878367
15.762881440720358,0.5221043880797644
15.776588294147071,0.5231309559219045
15.790295147573785,0.5188028797109849
15.804002001000498,0.5251473231372871
15.817708854427211,0.5207512019191183
15.831415707853925,0.5165972443764097
15.84512256128064,0.5177116021061321
15.858829414707353,0.5236871164737347
15.872536268134066,0.5213289060383399
15.88624312156078,0.5191571081481938
15.899949974987493,0.5179276952261219
15.913656828414206,0.5204133504502969
15.92736368184092,0.7050435375047424
15.941070535267633,0.9004085028810893
15.954777388694346,0.9981377375873458
15.96848424212106,1.0044699582683647
15.982191095547773,0.9996253094750353
15.995897948974486,1.0016087056199359
16.0096048024012,1.0016480719012095
16.02331165582791,1.0031323731092736
16.037018509254626,1.0000392995805782
16.05072536268134,0.9999805224750339
16.064432216108052,0.9990641229405666
16.078139069534767,1.0013774949083658
16.09184592296148,0.9701875366513275
16.105552776388194,0.8942912498637792
16.119259629814906,0.8609265284462223
16.13296648324162,0.8608581206504133
16.146673336668332,0.8624697179486112
16.160380190095047,0.8619673645189373
16.17408704352176,0.8585083818654476
16.187793896948474,0.8572533283441067
16.201500750375185,0.8554971947323765
16.2152076038019,0.8597325151999261
16.228914457228612,0.8564977718749013
16.242621310655327,0.8961348188351451
16.25632816408204,0.9727134303631394
16.270035017508754,1.0007428893447903
16.283741870935465,0.9988187569211463
16.29744872436218,1.0007595914952974
16.31115557778889,0.9970523687981033
16.324862431215607,0.9982899946682925
16.33856928464232,1.0012326439740675
16.352276138069033,0.999153776777772
16.365982991495745,0.9995286642182513
16.37968984492246,1.0018738722911618
16.39339669834917,1.0007633323781289
16.407103551775887,0.9071368842665403
16.420810405202598,0.7061181991842633
16.434517258629313,0.5257757170950088
16.448224112056028,0.5260388598755266
16.46193096548274,0.5189583932969705
16.475637818909455,0.5237054417062791
16.489344672336166,0.5186500187172465
16.50305152576288,0.5186570880125232
16.516758379189593,0.5189890035577742
16.530465232616308,0.5224115667303217
16.54417208604302,0.5190878879654848
16.557878939469735,0.5208684003381613
16.571585792896446,0.523062759595181
16.58529264632316,0.5209160578834378
16.598999499749873,0.68880982969053
16.612706353176588,0.8876932961612507
16.6264132066033,0.9964330826030536
16.640120060030014,0.9981089051540631
16.653826913456726,1.0014700336826436
16.66753376688344,1.001604961158446
16.681240620310152,1.0026651047932542
16.694947473736867,0.999740859715545
16.70865432716358,0.9978901530547449
16.722361180590294,1.0008584434571148
16.736068034017006,0.9984382733519575
16.74977488744372,0.9994703344232383
16.763481740870432,0.9733816898733236
16.777188594297147,0.902638567289603
16.79089544772386,0.8573318719227984
16.804602301150574,0.8599884407505218
16.818309154577285,0.8608526998605783
16.832016008004,0.8600229692838706
16.845722861430716,0.8616122106726307
16.859429714857427,0.853387523836816
16.873136568284142,0.8563901125905726
16.886843421710854,0.858580241267053
16.90055027513757,0.8595358457844869
16.91425712856428,0.8861830255090818
16.927963981990995,0.9643316132627834
16.941670835417707,0.9986365136506373
16.955377688844422,1.0008661658566882
16.969084542271133,0.9978029766751995
16.98279139569785,0.9976963413532962
16.99649824912456,1.0174779442456738
17.010205102551275,1.0025612328213331
17.023911955977987,0.9987032071228495
17.0376188094047,1.0007863576934855
17.051325662831413,1.0014087880217408
17.06503251625813,0.9987829161746452
17.07873936968484,0.9219800429006189
17.092446223111555,0.7269642567869556
17.106153076538266,0.523558557964159
17.11985992996498,0.5234506396038969
17.133566783391693,0.5204247738994661
17.147273636818408,0.5245025968798066
17.16098049024512,0.5185325828600595
17.174687343671835,0.5188893414212324
17.188394197098546,0.5187757583318189
17.20210105052526,0.5223041342203165
17.215807903951973,0.5174158907074982
17.229514757378688,0.5213364802699093
17.2432216108054,0.5216895800304577
17.256928464232114,0.5197741936553937
17.27063531765883,0.6725742237473387
17.28434217108554,0.8748636822018875
17.298049024512256,0.999833383894095
17.311755877938968,0.9993418212571639
17.325462731365683,0.9969264677365678
17.339169584792394,0.9998389782725239
17.35287643821911,0.995884137765793
17.36658329164582,1.00043644559739
17.380290145072536,1.0011726930772535
17.393996998499247,1.0010455152485083
17.407703851925962,0.9995986722198895
17.421410705352674,0.999213704173416
17.43511755877939,0.980589109967277
17.4488244122061,0.9115267246039633
17.462531265632816,0.8606710500941817
17.476238119059527,0.8584249295115932
17.489944972486242,0.8586135284351502
17.503651825912954,0.8556268344433835
17.51735867933967,0.858686794781032
17.53106553276638,0.8601354337106378
17.544772386193095,0.854955043240537
17.558479239619807,0.8610351340387044
17.572186093046522,0.8641594314152964
17.585892946473233,0.8822751750745664
17.59959979989995,0.9581082747275572
17.61330665332666,1.0009892825793656
17.627013506753375,1.000399967875718
17.640720360180087,1.000046554191931
17.6544272136068,0.9999704975492955
17.668134067033517,1.0000207470918105
17.68184092046023,0.997154877925928
17.695547773886943,1.0003461174390014
17.709254627313655,0.998475629435707
17.72296148074037,0.9993183404781162
17.73666833416708,1.0020955777928506
17.750375187593797,0.937544600027403
17.764082041020508,0.7375080083957067
17.777788894447223,0.5403300411356255
17.791495747873935,0.5245515630170756
17.80520260130065,0.5254340739275699
17.81890945472736,0.5217100291296183
17.832616308154076,0.523043162655832
17.846323161580788,0.5221749696160574
17.860030015007503,0.5203390535088317
17.873736868434214,0.5209201498606743
17.88744372186093,0.5195489295775781
17.90115057528764,0.523014821198173
17.914857428714356,0.5160249640026588
17.928564282141068,0.522843786372645
17.942271135567783,0.6554883526286839
17.955977988994494,0.8552227595401924
17.96968484242121,1.0026009085468266
17.98339169584792,1.0003680731223203
17.997098549274636,1.000941277019739
18.010805402701347,1.0004400550052661
18.024512256128062,0.9968632635984441
18.038219109554774,1.0034342101732423
18.05192596298149,0.9991452073958453
18.065632816408204,1.0008656640172642
18.079339669834916,1.0022175937139752
18.09304652326163,0.9984002902351452
18.106753376688342,0.984501913731093
18.120460230115057,0.9150369028441755
18.13416708354177,0.8552827915411044
18.147873936968484,0.8564525096696437
18.161580790395195,0.8560860110941335
18.17528764382191,0.8596003725862691
18.188994497248622,0.8586029195738469
18.202701350675337,0.8611326791463662
18.21640820410205,0.8586558305919071
18.230115057528764,0.8571914768432619
18.243821910955475,0.8607594008402323
18.25752876438219,0.8801249165399305
18.2712356178089,0.9524995744652092
18.284942471235617,1.0009200931115796
18.29864932466233,0.9992162357661384
18.312356178089043,1.0020642192440767
18.326063031515755,1.0012160248938178
18.33976988494247,0.9986402044074089
18.35347673836918,1.001531165267498
18.367183591795897,0.9977998051843844
18.380890445222608,0.9976487940020046
18.394597298649323,1.0010242135275347
18.408304152076035,0.9997741510059028
18.42201100550275,0.9547577089300897
18.43571785892946,0.7546680553006574
18.449424712356176,0.5572445607453016
18.46313156578289,0.5222157703472293
18.476838419209603,0.5225947803164859
18.490545272636318,0.5197694994715718
18.50425212606303,0.5194063217105634
18.517958979489745,0.5219268572173456
18.531665832916456,0.523762126772264
18.54537268634317,0.5190913620974572
18.559079539769883,0.5209260504625767
18.572786393196598,0.5220515534460068
18.58649324662331,0.5240283424712827
18.600200100050024,0.5190424783472383
18.613906953476736,0.6447595794620735
18.62761380690345,0.8441981601318116
18.641320660330162,1.0008660039972097
18.655027513756878,0.9960247688093438
18.66873436718359,0.9988768213799598
18.682441220610304,0.9986075488970747
18.696148074037016,1.0016310247287925
18.70985492746373,0.9997579455190031
18.723561780890442,0.9999159110251596
18.737268634317157,0.9981280810850265
18.75097548774387,1.0003180782024437
18.764682341170584,0.9966043127779799
18.778389194597295,0.9953981004674329
18.79209604802401,0.9216042969946497
18.805802901450722,0.8542985481364205
18.819509754877437,0.8597103864396322
18.83321660830415,0.8609840873414055
18.846923461730864,0.8602204006697111
18.86063031515758,0.8582677012407449
18.87433716858429,0.857957338153844
18.888044022011005,0.8612044254115188
18.901750875437717,0.8603743167043268
18.915457728864432,0.8569780810662584
18.929164582291143,0.8714947039197636
18.94287143571786,0.9472352105530661
18.95657828914457,1.0007733758211965
18.970285142571285,1.0040820764811695
18.983991995997997,1.0007625689875042
18.99769884942471,0.9999327689478383
19.011405702851423,1.0006969185693912
19.02511255627814,1.0028572109398044
19.03881940970485,1.0005001382974035
19.052526263131565,0.9964380305598026
19.066233116558276,0.9992402248216017
19.07993996998499,0.9983232248416329
19.093646823411703,0.9743039665740363
19.107353676838418,0.768831041901516
19.12106053026513,0.5780021192819492
19.134767383691845,0.5227171127305429
19.148474237118556,0.5223612061479146
19.16218109054527,0.5241985273530223
19.175887943971983,0.5210365871322528
19.189594797398698,0.5236859898662883
19.20330165082541,0.5211267516017881
19.217008504252124,0.5234764153799049
19.230715357678836,0.518287295712666
19.24442221110555,0.5218280570393974
19.258129064532266,0.5204449123848485
19.271835917958978,0.5197437775137282
19.285542771385693,0.6256199625730682
19.299249624812404,0.8283397316224954
19.31295647823912,0.9990124489453371
19.32666333166583,0.9945273259987885
19.340370185092546,0.9981002879762282
19.354077038519257,1.000515208988992
19.367783891945972,1.0024063794356732
19.381490745372684,1.001054913268616
19.3951975987994,1.0058209846141457
19.40890445222611,1.0034638969359344
19.422611305652826,0.9976220617251753
19.436318159079537,0.998473351837315
19.450025012506252,1.0030619697953986
19.463731865932964,0.9236148002422742
19.47743871935968,0.8596475123533578
19.49114557278639,0.8578789271762395
19.504852426213105,0.8573598782938535
19.518559279639817,0.8620582411032272
19.532266133066532,0.8593855803822378
19.545972986493243,0.8539006673405835
19.55967983991996,0.8572985349616687
19.57338669334667,0.8558270047204259
19.587093546773385,0.8572483702364568
19.600800400200097,0.8691287183899846
19.61450725362681,0.9439193759326837
19.628214107053523,1.0020400615137033
19.64192096048024,1.0016467293749323
19.655627813906953,0.999853059921312
19.669334667333665,1.0012978218146227
19.68304152076038,0.998140343005044
19.69674837418709,0.9965864706328887
19.710455227613807,0.9967179257501384
19.724162081040518,0.9985572528316635
19.737868934467233,0.9983280335867494
19.751575787893945,0.9969829555332554
19.76528264132066,0.9849784915229349
19.77898949474737,0.7851513313354482
19.792696348174086,0.5850434685563726
19.806403201600798,0.5194273895584635
19.820110055027513,0.5182348400288813
19.833816908454224,0.5206375380757631
19.84752376188094,0.52090988672509
19.86123061530765,0.52238250581723
19.874937468734366,0.5218183951019009
19.888644322161078,0.5227525045156636
19.902351175587793,0.5236929208774215
19.916058029014504,0.5199068344408193
19.92976488244122,0.5206601347583346
19.94347173586793,0.5208253481309034
19.957178589294646,0.6093315923088387
19.970885442721357,0.8123594963724476
19.984592296148072,0.9983513229916374
19.998299149574784,1.0019228135152503
20.0120060030015,0.9989978672161366
20.02571285642821,0.9985871470227832
20.039419709854926,1.0011479934091372
20.05312656328164,0.9956964673922016
20.066833416708352,0.9995983364248212
20.080540270135067,0.9958665005304478
20.09424712356178,0.9991553383111597
20.107953976988494,1.0013402682573362
20.121660830415205,0.9990555695172232
20.13536768384192,0.9285119973099903
20.149074537268632,0.8578171833350599
20.162781390695347,0.8588368774426415
20.17648824412206,0.8582694995193892
20.190195097548774,0.8561545379334474
20.203901950975485,0.8594462358876752
20.2176088044022,0.8600401274147091
20.23131565782891,0.858514376503456
20.245022511255627,0.8554244154141575
20.25872936468234,0.8564831166192184
20.272436218109053,0.8586516089288937
20.286143071535765,0.9368087654805907
20.29984992496248,0.9972953984341915
20.31355677838919,1.0013213011301896
20.327263631815907,0.9986178167665176
20.340970485242618,0.9989715950075402
20.354677338669333,1.0001463457077726
20.368384192096045,0.999314355933987
20.38209104552276,1.0026158158644543
20.39579789894947,1.0011674804313317
20.409504752376186,0.9946633781113146
20.423211605802898,0.9984410999619776
20.436918459229613,0.9995859327132162
20.450625312656324,0.797968486448409
20.46433216608304,0.601360518032612
20.478039019509755,0.5177493787773959
20.491745872936466,0.5201094691403823
20.50545272636318,0.5237386993656366
20.519159579789893,0.5203109916531644
20.532866433216608,0.5221864379841118
20.54657328664332,0.5206735626116894
20.560280140070034,0.5228209601883637
20.573986993496746,0.52550783608233
20.58769384692346,0.521014092790649
20.601400700350172,0.5205834941286408
20.615107553776888,0.522947596209849
20.6288144072036,0.5967813327845124
20.642521260630314,0.7951713556191325
20.656228114057026,0.9932198380839806
20.66993496748374,0.9999389326710176
20.683641820910452,0.9972540218006302
20.697348674337167,0.9955566363293613
20.71105552776388,1.003093690323549
20.724762381190594,1.0015147796997257
20.738469234617305,0.9977697373008205
20.75217608804402,0.9988867520831515
20.765882941470732,0.9976052332592701
20.779589794897447,1.0000619161931321
20.79329664832416,0.9993667487657718
20.807003501750874,0.9383097056987388
20.820710355177585,0.8653448525933417
20.8344172086043,0.8575616646709245
20.84812406203101,0.861671786747101
20.861830915457727,0.8575357278617477
20.875537768884442,0.860688123035804
20.889244622311153,0.857186607345551
20.90295147573787,0.8591515319952493
20.91665832916458,0.859800400182419
20.930365182591295,0.8587613994325132
20.944072036018007,0.8577051216310769
20.95777888944472,0.9278751783809633
20.971485742871433,0.9990177981142195
20.98519259629815,1.0019607226294565
20.99889944972486,0.998416098753966
21.012606303151575,0.9998746268144836
21.026313156578286,1.0016197807312501
21.040020010005,1.0018279449247753
21.053726863431713,1.000393210558497
21.067433716858428,0.9981390323139667
21.08114057028514,0.9975245688456386
21.094847423711855,0.9989438342336304
21.108554277138566,0.9976456400722278
21.12226113056528,0.8141390651179303
21.135967983991993,0.6143412995267243
21.149674837418708,0.5224303302017297
21.16338169084542,0.5206362272180578
21.177088544272134,0.5227133068921573
21.190795397698846,0.521987976430629
21.20450225112556,0.5198455483254093
21.218209104552272,0.5202825479443797
21.231915957978988,0.5195067758835675
21.2456228114057,0.5197458795389056
21.259329664832414,0.5228392542986049
21.27303651825913,0.5227238193326265
21.28674337168584,0.5218681865419876
21.300450225112556,0.5804532650325884
21.314157078539267,0.778771482095131
21.327863931965982,0.9825996518606598
21.341570785392694,0.9985981249120383
21.35527763881941,0.9991286510555653
21.36898449224612,0.9971241567169679
21.382691345672836,0.9984438883772951
21.396398199099547,0.9996994225224881
21.410105052526262,1.0015618364296266
21.423811905952974,1.0023552384757444
21.43751875937969,1.0001225045253799
21.4512256128064,0.9952514020707601
21.464932466233115,1.0043375606397449
21.478639319659827,0.9407646793040904
21.492346173086542,0.8684028766390394
21.506053026513253,0.8614280055498311
21.51975987993997,0.853914116909563
21.53346673336668,0.8579784849986795
21.547173586793395,0.862592089916193
21.560880440220107,0.8575263819390196
21.57458729364682,0.8615026224677671
21.588294147073533,0.8592872809185259
21.60200100050025,0.8600151883221324
21.61570785392696,0.8593586321572383
21.629414707353675,0.9249277757048061
21.643121560780386,0.9963791357137449
21.6568284142071,0.9963412973048006
21.670535267633817,0.9972827922917114
21.684242121060528,0.9998266660728483
21.697948974487243,0.9965143508561887
21.711655827913955,1.0018387568840428
21.72536268134067,1.0009825957936747
21.73906953476738,1.0015767838812453
21.752776388194096,0.9997001737487138
21.766483241620808,0.9949050758700952
21.780190095047523,0.9990344680417917
21.793896948474234,0.831456978085993
21.80760380190095,0.6304506944073686
21.82131065532766,0.5219391288456279
21.835017508754376,0.5239943007359806
21.848724362181088,0.5232389990654538
21.862431215607803,0.5172515954702637
21.876138069034514,0.5256247168152755
21.88984492246123,0.5191638129837702
21.90355177588794,0.5201221994698029
21.917258629314656,0.5231552240409076
21.930965482741367,0.5242506800943062
21.944672336168082,0.5149154294702919
21.958379189594794,0.5231943623400617
21.97208604302151,0.5646844619159681
21.98579289644822,0.7638470814769598
21.999499749874936,0.9660336616602696
22.013206603301647,1.004692014122883
22.026913456728362,0.999350820625956
22.040620310155074,1.0018456345595657
22.05432716358179,0.9979218600167293
22.068034017008504,1.0013042780390669
22.081740870435215,1.0037082714144485
22.09544772386193,1.002247754628086
22.109154577288642,0.9973063433713629
22.122861430715357,1.0018932041490038
22.13656828414207,1.0007885924059081
22.150275137568784,0.9494576337933639
22.163981990995495,0.8752796361818778
22.17768884442221,0.8592806983172291
22.19139569784892,0.8602208207056787
22.205102551275637,0.8589800927761008
22.21880940470235,0.8560644883168237
22.232516258129063,0.8602793146635317
22.246223111555775,0.8589351151586985
22.25992996498249,0.8585358475045828
22.2736368184092,0.8648297355768553
22.287343671835917,0.8603464732648028
22.301050525262628,0.9155467937518467
22.314757378689343,0.9920270306274569
22.328464232116055,0.9997934447243723
22.34217108554277,0.9997420868933693
22.35587793896948,1.0001565169830506
22.369584792396196,1.0001582552730524
22.383291645822908,0.9983086612047325
22.396998499249623,1.0014719917116504
22.410705352676334,1.0007939766947576
22.42441220610305,0.9997582370481702
22.43811905952976,0.9995928685668826
22.451825912956476,1.0004665746980865
22.46553276638319,0.8486609103771633
22.479239619809903,0.6484377743060391
22.492946473236618,0.5203701262283263
22.50665332666333,0.5199387781796059
22.520360180090044,0.5216870365372175
22.534067033516756,0.5201678192623481
22.54777388694347,0.5189403129636128
22.561480740370182,0.5197561801460442
22.575187593796898,0.526851031728607
22.58889444722361,0.5215439318664092
22.602601300650324,0.5252590219462863
22.616308154077036,0.5182509363331222
22.63001500750375,0.518865816465496
22.643721860930462,0.555094227287815
22.657428714357177,0.750723453144994
22.67113556778389,0.94895364683541
22.684842421210604,1.0027336891422385
22.698549274637315,1.0010503906899804
22.71225612806403,0.9994418420973968
22.725962981490742,0.998672146999395
22.739669834917457,0.9982226177667413
22.75337668834417,1.0018407290159332
22.767083541770884,1.0021606883134933
22.780790395197595,0.9995246255238305
22.79449724862431,1.0023998410795523
22.808204102051022,1.0013082953076584
22.821910955477737,0.9520548088950577
22.83561780890445,0.877866586104799
22.849324662331163,0.8585370241915676
22.86303151575788,0.8594643947124821
22.87673836918459,0.8571542584795078
22.890445222611305,0.8604430188872927
22.904152076038017,0.8569599556598919
22.91785892946473,0.8571309844134253
22.931565782891443,0.8580747590298189
22.94527263631816,0.8551573145571625
22.95897948974487,0.8601266593586037
22.972686343171585,0.9150874344613227
22.986393196598296,0.985109215304908
23.00010005002501,0.9966742124691093
23.013806903451723,0.9982894830857989
23.027513756878438,0.9994241301697745
23.04122061030515,1.0008153310792751
23.054927463731865,1.0001859531192594
23.068634317158576,1.000214375542388
23.08234117058529,1.0036084317652896
23.096048024012003,1.001633896862543
23.109754877438718,1.0030673704835689
23.12346173086543,1.0009597610107934
23.137168584292144,0.8607206714587656
23.150875437718856,0.6635719681671902
23.16458229114557,0.5182456450569007
23.178289144572283,0.5159606161417333
23.191995997998998,0.5217714764748548
23.20570285142571,0.520055579365477
23.219409704852424,0.5228347598099896
23.233116558279136,0.5233293473931392
23.24682341170585,0.5194575475904611
23.260530265132566,0.5217521452171049
23.274237118559277,0.5174673535350542
23.287943971985992,0.5208199304318555
23.301650825412704,0.5218523205158514
23.31535767883942,0.539045677345771
23.32906453226613,0.7388727787300796
23.342771385692846,0.9330751430337363
23.356478239119557,0.9997192040945199
23.370185092546272,1.00134558057925
23.383891945972984,1.003118942221074
23.3975987993997,0.9964143386587203
23.41130565282641,0.9976853501753482
23.425012506253125,1.001179934794705
23.438719359679837,0.9982536550966163
23.452426213106552,1.001621905210861
23.466133066533263,0.9978432288077411
23.47983991995998,1.0046805063623483
23.49354677338669,0.9578588082572542
23.507253626813405,0.8849832609609068
23.520960480240117,0.8584083772762019
23.53466733366683,0.8576989420003079
23.548374187093543,0.8619259271306295
23.56208104052026,0.8602669278437451
23.57578789394697,0.8584653779036392
23.589494747373685,0.8559191524586458
23.603201600800396,0.8597629970208637
23.61690845422711,0.8551344726747184
23.630615307653823,0.8578192299364069
23.644322161080538,0.910216191181321
23.65802901450725,0.97512798248959
23.671735867933965,0.9989056442905908
23.68544272136068,1.0021474434853923
23.69914957478739,1.0006051273549244
23.712856428214106,1.000677762103812
23.726563281640818,0.9958023515302941
23.740270135067533,1.0016221413158815
23.753976988494244,0.9991712480262086
23.76768384192096,1.0021434567897274
23.78139069534767,1.0025850356417685
23.795097548774386,0.9947999224431862
23.808804402201098,0.877517644789961
23.822511255627813,0.677709862922934
23.836218109054524,0.5195316058477435
23.84992496248124,0.517316604523001
23.86363181590795,0.5228233200824409
23.877338669334666,0.5229891368713114
23.891045522761377,0.5279924399345584
23.904752376188092,0.522047654909729
23.918459229614804,0.5218493403441581
23.93216608304152,0.5178301542828665
23.94587293646823,0.5228545839507635
23.959579789894946,0.518373230317578
23.973286643321657,0.5211893823630293
23.986993496748372,0.521922790804806
24.000700350175084,0.7225615389624637
24.0144072036018,0.9212572532807726
24.02811405702851,0.9978495916162653
24.041820910455225,0.9987121001919759
24.055527763881937,1.0002262603120926
24.069234617308652,0.9987777808438782
24.082941470735367,1.0009633525676709
24.09664832416208,1.0015102408323908
24.110355177588794,1.0003927785602351
24.124062031015505,1.0050918470306938
24.13776888444222,0.99926768668719
24.15147573786893,0.9995752702750031
24.165182591295647,0.9626318464160815
24.17888944472236,0.8928132059980498
24.192596298149073,0.8573494662462449
24.206303151575785,0.8546868526205735
24.2200100050025,0.8574274540566404
24.23371685842921,0.8626079670398598
24.247423711855927,0.8625362673080245
24.261130565282638,0.8582427973726822
24.274837418709353,0.861715797270725
24.288544272136065,0.8540831011163226
24.30225112556278,0.8613195256047937
24.31595797898949,0.8999472127201567
24.329664832416206,0.9781722496933982
24.343371685842918,1.0033534179994095
24.357078539269633,1.001316297763553
24.370785392696344,0.9984137190228383
24.38449224612306,0.998172408139225
24.39819909954977,0.9981610669926224
24.411905952976486,0.9991099271897655
24.425612806403198,1.0012986859784878
24.439319659829913,0.9962999296181942
24.453026513256624,1.0010166314145488
24.46673336668334,1.0032209512164014
24.480440220110054,0.8916393703555536
24.494147073536766,0.6925807467118074
24.50785392696348,0.5219586386058022
24.521560780390192,0.5227960890288718
24.535267633816908,0.5224456409635344
24.54897448724362,0.5201615569831013
24.562681340670334,0.522671451567475
24.576388194097046,0.5196924143322604
24.59009504752376,0.5178241358126955
24.603801900950472,0.5192463732407165
24.617508754377187,0.5191364015953835
24.6312156078039,0.5218699357158719
24.644922461230614,0.5238800232542564
24.658629314657325,0.5208833781543007
24.67233616808404,0.7059532263064396
24.686043021510752,0.9011889263947583
24.699749874937467,0.9996377045833388
24.71345672836418,0.9984803639680643
24.727163581790894,0.9953670799424095
24.740870435217605,0.9996781123390659
24.75457728864432,0.9989396633457653
24.768284142071032,0.9992426157111222
24.781990995497747,1.0016344417587189
24.79569784892446,0.9999239215323709
24.809404702351173,1.0015112248492388
24.823111555777885,1.0002530242595624
24.8368184092046,0.96924397731821
24.85052526263131,0.8978017641810127
24.864232116058027,0.859348330084014
24.87793896948474,0.8587377757536996
24.891645822911453,0.8623773703905774
24.90535267633817,0.8588466413246738
24.91905952976488,0.8564246624645597
24.932766383191595,0.8568342283857712
24.946473236618306,0.8554471042150087
24.96018009004502,0.8613107756757217
24.973886943471733,0.8582003670523178
24.987593796898448,0.8933891400022134
25.00130065032516,0.9707650899510356
25.015007503751875,0.9972075240178834
25.028714357178586,0.9996521933419351
25.0424212106053,0.9988507699586016
25.056128064032013,1.0021005138692063
25.069834917458728,0.9984037116354865
25.08354177088544,1.0021333963020413
25.097248624312154,0.9963992452823232
25.110955477738866,1.0033113861897638
25.12466233116558,1.0015129171263646
25.138369184592293,0.9961280735012435
25.152076038019008,0.9048023363337027
25.16578289144572,0.7060858731809859
25.179489744872434,0.520717312459166
25.193196598299146,0.524571904070462
25.20690345172586,0.521434549048381
25.220610305152572,0.5195727931333456
25.234317158579287,0.5218390273093354
25.248024012006,0.5241235855792209
25.261730865432714,0.5215111594523284
25.27543771885943,0.5188880730871258
25.28914457228614,0.5230925795759737
25.302851425712856,0.5200921975392556
25.316558279139567,0.5222587943008612
25.330265132566282,0.5220001971581029
25.343971985992994,0.6923665778213808
25.35767883941971,0.8916164796792295
25.37138569284642,1.0022784041874668
25.385092546273135,0.9985356779941066
25.398799399699847,1.00084778254559
25.412506253126562,1.0004815586891325
25.426213106553273,1.0003350603060908
25.43991995997999,1.0017866259593509
25.4536268134067,1.006895460972604
25.467333666833415,1.0025116736679753
25.481040520260127,1.0007187319173008
25.49474737368684,1.0015057386794786
25.508454227113553,0.9747363488685118
25.52216108054027,0.9026473662486251
25.53586793396698,0.8590843872084717
25.549574787393695,0.8553749511492433
25.563281640820406,0.8600033370060033
25.57698849424712,0.8582455232026195
25.590695347673833,0.8603369878043755
25.604402201100548,0.8589038967054357
25.61810905452726,0.8556331418657386
25.631815907953975,0.8576200782142582
25.645522761380686,0.8636411507247718
25.6592296148074,0.8911519513161926
25.672936468234116,0.9645769236800024
25.686643321660828,1.0019661620742666
25.700350175087543,0.99828571210253
25.714057028514254,1.0016186262438427
25.72776388194097,0.9989821228722103
25.74147073536768,0.9965865864255152
25.755177588794396,1.001822959739481
25.768884442221108,0.9972449595716394
25.782591295647823,1.0015618624964377
25.796298149074534,1.0010587108080697
25.81000500250125,0.998660399663202
25.82371185592796,0.9224028755011998
25.837418709354676,0.7249384293168867
25.851125562781387,0.5256744524517284
25.864832416208102,0.5224027725732963
25.878539269634814,0.5224028860266462
25.89224612306153,0.5225119663862504
25.90595297648824,0.5248601235031648
25.919659829914956,0.5223810923900929
25.933366683341667,0.51804142147397
25.947073536768382,0.5191038601751405
25.960780390195094,0.5207809333676992
25.97448724362181,0.5229527687502886
25.98819409704852,0.5213808961297114
26.001900950475235,0.5236514271308723
26.015607803901947,0.6773667468594927
26.029314657328662,0.8760179652185973
26.043021510755374,0.9988986001495871
26.05672836418209,1.0023759308114324
26.070435217608804,0.9997417042858892
26.084142071035515,1.0041984298863442
26.09784892446223,0.9960094723999647
26.11155577788894,1.004357931751327
26.125262631315657,1.0046918684845298
26.13896948474237,0.9968899972531483
26.152676338169083,0.995546310470542
26.166383191595795,0.9985913528992425
26.18009004502251,0.9813377908400209
26.19379689844922,0.9095044593695758
26.207503751875937,0.8576550431984267
26.221210605302648,0.8591241735952617
26.234917458729363,0.8603477071179174
26.248624312156075,0.8589612401500629
26.26233116558279,0.8580799602498795
26.2760380190095,0.8598071794985238
26.289744872436216,0.8568589862065995
26.303451725862928,0.8584442504500475
26.317158579289643,0.8567663847052268
26.330865432716354,0.8872533978881667
26.34457228614307,0.9548859456086117
26.35827913956978,1.0005957717079221
26.371985992996496,0.9971314698589585
26.385692846423208,0.9987882952635256
26.399399699849923,1.0020811474746851
26.413106553276634,1.0005919714657021
26.42681340670335,1.001154058310758
26.44052026013006,1.0009899625183272
26.454227113556776,0.9995252146179054
26.46793396698349,0.9997298367780508
26.481640820410203,0.9971906857633276
26.495347673836918,0.9365251596290662
26.50905452726363,0.7364798472077398
26.522761380690344,0.5394690999033918
26.536468234117056,0.521932023242089
26.55017508754377,0.522097525568741
26.563881940970482,0.5202080338145909
26.577588794397197,0.5187373630398363
26.59129564782391,0.5199413007922616
26.605002501250624,0.5208190764072645
26.618709354677335,0.5200991737667471
26.63241620810405,0.5197018268843411
26.646123061530762,0.5258686166443708
26.659829914957477,0.5225629626267208
26.67353676838419,0.5242470967308516
26.687243621810904,0.6601754075065239
26.700950475237615,0.863772203646449
26.71465732866433,1.0050696721956418
26.728364182091042,1.002782555889321
26.742071035517757,0.9950256107565866
26.75577788894447,1.0035477066422436
26.769484742371183,1.0017917186706817
26.783191595797895,0.9992446185679508
26.79689844922461,0.9966888719598472
26.81060530265132,1.0010280625665915
26.824312156078037,0.9992018812654593
26.838019009504748,0.9979273185305656
26.851725862931463,0.9897593623460608
26.865432716358175,0.9153312993283669
26.87913956978489,0.8562469774829221
26.892846423211605,0.8574693298665172
26.906553276638316,0.858045941055349
26.92026013006503,0.8577693334216026
26.933966983491743,0.8613586154726258
26.947673836918458,0.8554843268484559
26.96138069034517,0.8554436559452335
26.975087543771885,0.8562185657624646
26.988794397198596,0.8574705518169896
27.00250125062531,0.8763753233266459
27.016208104052023,0.9566710060740552
27.029914957478738,0.9969634038306023
27.04362181090545,1.000965621901603
27.057328664332164,0.9990509214849628
27.071035517758876,1.0008079708429336
27.08474237118559,0.999333713318114
27.098449224612303,1.0027008768543142
27.112156078039018,1.0023363414571254
27.12586293146573,1.0018823142035342
27.139569784892444,1.0026204023447243
27.153276638319156,1.0020433277743956
27.16698349174587,0.9533784987713001
27.180690345172582,0.7527900547155233
27.194397198599297,0.5526516724736006
27.20810405202601,0.5200219806884326
27.221810905452724,0.5213961938576859
27.235517758879435,0.5212806433564493
27.24922461230615,0.5278070610263468
27.262931465732862,0.5237095854305284
27.276638319159577,0.5216514225074744
27.290345172586292,0.5239119563061484
27.304052026013004,0.5253730587586313
27.31775887943972,0.522156049412782
27.33146573286643,0.5212463830172883
27.345172586293145,0.5203099713915074
27.358879439719857,0.6472466543467272
27.372586293146572,0.8467879190531792
27.386293146573284,0.9959532502027836
27.4,1.0002317004046015
