time,flux
0.0,1.0011664961932574
0.013706853426713355,0.9991735453895545
0.02741370685342671,1.0029854881189357
0.041120560280140064,0.9982977472406883
0.05482741370685342,1.0000931379225155
0.06853426713356678,1.0022645199279847
0.08224112056028013,1.0014600334224435
0.09594797398699349,1.0023884317209406
0.10965482741370684,1.0000689162987386
0.1233616808404202,0.9995376213696275
0.13706853426713356,0.9998704299737796
0.1507753876938469,1.0006604390377623
0.16448224112056026,1.000010772583805
0.1781890945472736,1.0003272665508252
0.19189594797398699,1.0007261507890857
0.20560280140070034,1.0026827930691
0.21930965482741369,1.0015156713487172
0.23301650825412704,1.001763711937746
0.2467233616808404,1.0013427771272374
0.26043021510755376,0.9998552503219049
0.2741370685342671,1.0004101283847
0.28784392196098046,0.9993381964048967
0.3015507753876938,0.9981526570013329
0.31525762881440716,0.9990630216428081
0.3289644822411205,1.001406899331508
0.34267133566783387,1.0011059305303993
0.3563781890945472,0.9996092332346928
0.3700850425212606,1.0026489360484545
0.38379189594797397,0.9997007162373261
0.3974987493746873,1.0028764331370594
0.41120560280140067,0.9920160407433475
0.424912456228114,0.9999235689698001
0.43861930965482737,1.001193061001736
0.4523261630815407,0.9990289527267988
0.46603301650825407,0.9989644907078088
0.4797398699349674,1.002892221830805
0.4934467233616808,0.9982248436263007
0.5071535767883941,0.9988601587972715
0.5208604302151075,1.001712507056287
0.5345672836418208,1.0002404973130188
0.5482741370685342,1.0015059718304755
0.5619809904952475,1.0031228943612363
0.5756878439219609,1.0019167683819798
0.5893946973486743,0.9997584151368568
0.6031015507753876,1.0012104591969893
0.616808404202101,1.0010199322956115
0.6305152576288143,0.9968897805274936
0.6442221110555277,0.9979973637701485
0.657928964482241,0.9991538393069537
0.6716358179089544,0.9975908372534361
0.6853426713356677,0.9998239907828087
0.6990495247623811,1.0002770596563941
0.7127563781890944,0.9990104178634855
0.7264632316158078,0.9971567402035426
0.7401700850425212,1.0014296662803719
0.7538769384692345,0.9980090971361149
0.7675837918959479,0.9991576551578228
0.7812906453226612,0.9979977089785249
0.7949974987493746,0.9970586475633121
0.8087043521760879,1.001689925870312
0.8224112056028013,1.0019534494505318
0.8361180590295146,0.999841838721074
0.849824912456228,1.00353226390931
0.8635317658829413,0.9997613192002123
0.8772386193096547,0.9991275915965266
0.8909454727363681,1.0024727367179092
0.9046523261630814,0.9998482712948776
0.9183591795897948,0.9998932485145495
0.9320660330165081,1.0002565809931194
0.9457728864432215,0.9979422604030617
0.9594797398699348,1.000696348398489
0.9731865932966483,1.0001538827001784
0.9868934467233615,0.9978397237019075
1.000600300150075,0.9997196710866415
1.0143071535767882,1.0028768823348433
1.0280140070035018,0.9994906558309831
1.041720860430215,0.9996696140207998
1.0554277138569284,0.9991058227954072
1.0691345672836416,1.0031242899396078
1.0828414207103552,0.9997631285164428
1.0965482741370685,1.0021077205197442
1.1102551275637818,1.001015518495081
1.123961980990495,1.0010231024292833
1.1376688344172086,1.0021746974087915
1.1513756878439219,0.9980376954246256
1.1650825412706352,1.0008349437373774
1.1787893946973487,0.9971744049527907
1.192496248124062,0.9999063096737203
1.2062031015507753,1.0028642322638668
1.2199099549774886,1.000148506416714
1.233616808404202,1.0037420399687313
1.2473236618309154,1.0057559683425292
1.2610305152576287,0.9998596790754983
1.274737368684342,0.9965439058428625
1.2884442221110555,1.0005223401320034
1.3021510755377688,1.0006858624873973
1.315857928964482,1.0018737485703078
1.3295647823911956,0.9998594913727498
1.3432716358179089,0.9950782226913026
1.3569784892446222,0.9999398818166508
1.3706853426713355,1.0004917145451244
1.384392196098049,1.002864370847743
1.3980990495247623,1.0004973685683898
1.4118059029514756,1.0037643998755834
1.4255127563781889,0.9960501944022145
1.4392196098049024,0.9995755181085387
1.4529264632316157,1.0003561341104612
1.466633316658329,0.9265806542350601
1.4803401700850425,0.7941651101372351
1.4940470235117558,0.7039043710005021
1.507753876938469,0.7029053953704388
1.5214607303651824,0.7026892116229115
1.5351675837918959,0.7040144229628804
1.5488744372186092,0.7038400082363092
1.5625812906453225,0.7039749372641626
1.5762881440720358,0.701462805429016
1.5899949974987493,0.7081684075266865
1.6037018509254626,0.706112182515747
1.6174087043521759,0.703687822786799
1.6311155577788894,0.753743038636581
1.6448224112056027,0.889581367793547
1.658529264632316,1.0015040646574802
1.6722361180590293,1.002409403254316
1.6859429714857428,0.9999200379807779
1.699649824912456,0.9983411804150546
1.7133566783391694,0.9986824419395879
1.7270635317658827,1.0004993677973086
1.7407703851925962,0.9986443536309827
1.7544772386193095,0.9988633637117741
1.7681840920460228,0.9973669192952591
1.7818909454727363,1.0004673679798801
1.7955977988994496,1.0039383126655537
1.8093046523261629,1.001055642665209
1.8230115057528762,1.0001507904004923
1.8367183591795897,0.9994730637898327
1.850425212606303,0.9979659413132628
1.8641320660330163,0.9965195253389978
1.8778389194597296,1.001125107424654
1.891545772886443,1.0011843964802456
1.9052526263131564,1.0000774261637924
1.9189594797398697,0.9966331964128442
1.9326663331665832,1.0023382071580147
1.9463731865932965,0.9993397146033236
1.9600800400200098,1.000397415773117
1.973786893446723,1.0041605044823672
1.9874937468734366,0.998760632657169
2.00120060030015,1.0024111695464994
2.014907453726863,1.0003993183256126
2.0286143071535765,0.9994436158788732
2.04232116058029,0.9987650036799167
2.0560280140070035,1.0033405545885437
2.069734867433717,1.0003827344084761
2.08344172086043,1.0002711617827766
2.0971485742871434,1.00186650272699
2.1108554277138567,0.9979159130918397
2.12456228114057,0.9976178465500697
2.1382691345672833,0.9989311762451156
2.1519759879939966,0.9995268888864633
2.1656828414207103,0.9998191016265346
2.1793896948474236,1.000890705336163
2.193096548274137,0.9986081835107182
2.20680340170085,1.0033142418181198
2.2205102551275635,0.9995137371482472
2.234217108554277,0.9969731594051948
2.24792396198099,0.9965380990299852
2.261630815407704,1.0002001974612764
2.275337668834417,0.9997201225901798
2.2890445222611304,0.9998700444068078
2.3027513756878437,1.0002017043834635
2.316458229114557,1.0007023527642172
2.3301650825412703,1.0021246024873325
2.3438719359679836,1.000291280471922
2.3575787893946973,0.9998313228004897
2.3712856428214106,1.0017189194190965
2.384992496248124,0.9990684659549449
2.3986993496748372,1.0024787593739402
2.4124062031015505,0.9981836307172252
2.426113056528264,0.9996385569710079
2.439819909954977,1.0024883002279952
2.4535267633816904,0.9984713566064912
2.467233616808404,1.002150089877493
2.4809404702351174,1.0010336278164602
2.4946473236618307,1.0013374708838103
2.508354177088544,0.9993585868081993
2.5220610305152573,0.9983658852458576
2.5357678839419706,0.9991838466320467
2.549474737368684,0.9973997025823136
2.5631815907953976,1.0005235957186003
2.576888444222111,0.9964860300777051
2.5905952976488242,0.995195825405885
2.6043021510755375,1.0034591045284376
2.618009004502251,0.9964548700756004
2.631715857928964,0.999226391256879
2.6454227113556774,1.0001540164057396
2.659129564782391,0.999721624931971
2.6728364182091044,0.9974300501467352
2.6865432716358177,1.0022366206668998
2.700250125062531,0.9974855008923476
2.7139569784892443,0.9982311947661281
2.7276638319159576,1.000870713320589
2.741370685342671,1.0006533852474064
2.755077538769384,1.0026474585515006
2.768784392196098,1.0017157012776345
2.7824912456228112,1.00143549405256
2.7961980990495245,0.9988113454134139
2.809904952476238,1.000502560885292
2.823611805902951,0.9971358053458281
2.8373186593296644,1.0002072791611434
2.8510255127563777,0.9994380096548687
2.8647323661830915,0.9980919611368129
2.8784392196098048,0.998573668315262
2.892146073036518,1.00152993171163
2.9058529264632313,0.9987569960693172
2.9195597798899446,0.9985787109193502
2.933266633316658,1.000957807788738
2.9469734867433712,1.0025866906573315
2.960680340170085,1.0013089676082796
2.9743871935967983,0.9998991513928376
2.9880940470235116,1.0003394794931817
3.001800900450225,1.0017024055895631
3.015507753876938,0.9974621826020197
3.0292146073036514,0.9993578252120762
3.0429214607303647,0.9954049109050788
3.056628314157078,0.9972455450977288
3.0703351675837918,0.9998709183653798
3.084042021010505,1.0007148074857415
3.0977488744372184,1.0005121206421541
3.1114557278639317,0.996834758935533
3.125162581290645,0.9997114756535261
3.1388694347173582,0.995923744483578
3.1525762881440715,0.9981656811616921
3.1662831415707853,0.9983038174704996
3.1799899949974986,0.9996837944663179
3.193696848424212,0.9994158976367763
3.207403701850925,0.9986791096193492
3.2211105552776385,1.0003918513201495
3.2348174087043517,1.0014237875015042
3.248524262131065,0.9960727585781128
3.262231115557779,1.0008293111464308
3.275937968984492,0.9965841779689157
3.2896448224112054,0.9987828317931997
3.3033516758379187,0.9998352832411846
3.317058529264632,0.9976491567496708
3.3307653826913453,0.9990587865295367
3.3444722361180586,1.0037679842108418
3.358179089544772,1.00093389844041
3.3718859429714856,0.9990406110632375
3.385592796398199,1.0010610216138423
3.399299649824912,0.9987070974473673
3.4130065032516255,1.0019253251428868
3.4267133566783388,0.9989971735725977
3.440420210105052,1.0036985452116007
3.4541270635317654,0.9978010455774048
3.467833916958479,0.9990175356241103
3.4815407703851924,0.9980640211437314
3.4952476238119057,1.0027582680625868
3.508954477238619,1.0015759803468818
3.5226613306653323,1.0010511479471127
3.5363681840920456,1.0018980096543253
3.550075037518759,0.998790427732296
3.5637818909454726,1.0019816295975283
3.577488744372186,1.0010595602295156
3.591195597798899,1.0183757252020929
3.6049024512256125,0.9960124613779487
3.6186093046523258,0.9983466554163755
3.632316158079039,0.9996075627302019
3.6460230115057524,0.9966654901011098
3.659729864932466,1.00091978700059
3.6734367183591794,1.0011549146947039
3.6871435717858927,1.002688522750024
3.700850425212606,1.001646706382914
3.7145572786393193,0.9962409114891705
3.7282641320660326,0.9999148264438282
3.741970985492746,0.9988063321333955
3.755677838919459,1.0022061398689088
3.769384692346173,1.0025529063960221
3.783091545772886,1.0002832537565676
3.7967983991995995,1.0003254616223478
3.810505252626313,1.0000877967637154
3.824212106053026,1.0028639109718327
3.8379189594797394,1.0029026381816866
3.8516258129064527,0.9989659912698321
3.8653326663331664,0.9997018614825575
3.8790395197598797,0.9995649584532921
3.892746373186593,0.9981626196705289
3.9064532266133063,1.000768939948864
3.9201600800400196,0.9989499882662878
3.933866933466733,0.9971604981635801
3.947573786893446,1.0015974046491434
3.96128064032016,0.9993204040718555
3.974987493746873,0.9994950751905022
3.9886943471735865,1.0005325130227993
4.0024012006003,0.998199493081498
4.016108054027013,0.9992302027678983
4.029814907453726,1.0016992175081225
4.04352176088044,1.0005042437820755
4.057228614307153,1.0014707923842718
4.070935467733866,1.0039760616495714
4.08464232116058,1.0001305109193346
4.098349174587293,0.9996120483685322
4.112056028014007,0.9993227621708726
4.12576288144072,0.9990539680680831
4.139469734867434,0.99853360088771
4.153176588294147,1.0003672742616065
4.16688344172086,0.9998717636786675
4.1805902951475735,0.9987752975632542
4.194297148574287,1.0017717578136323
4.208004002001,1.0047101807308214
4.221710855427713,0.999137511034724
4.235417708854427,0.9990945394664171
4.24912456228114,1.0010242393978066
4.262831415707853,1.0001757472121462
4.276538269134567,0.998489851385315
4.29024512256128,0.999635832649741
4.303951975987993,0.9969060848913496
4.317658829414707,1.0012776535541639
4.331365682841421,0.9986058716173183
4.345072536268134,1.0016045973994152
4.358779389694847,1.0010433458523977
4.3724862431215605,0.9963657697833845
4.386193096548274,1.003482032990899
4.399899949974987,1.000596638148739
4.4136068034017,0.9976499811304353
4.427313656828414,1.001867626536641
4.441020510255127,0.99618152930441
4.45472736368184,0.9944774411864259
4.468434217108554,1.002379055016564
4.482141070535267,0.9971319873736056
4.49584792396198,1.003587749115913
4.5095547773886935,0.9998768622125773
4.523261630815408,1.0008605124777585
4.536968484242121,0.9998988249340529
4.550675337668834,0.9997144834556877
4.5643821910955475,0.9967053027030813
4.578089044522261,0.9989948538084983
4.591795897948974,0.9985098889422196
4.605502751375687,1.0019112611751877
4.619209604802401,1.0002456402081368
4.632916458229114,0.9990535742337661
4.646623311655827,0.997940411923254
4.660330165082541,0.9996075842344926
4.674037018509254,0.9996461150449324
4.687743871935967,0.997722946326032
4.7014507253626805,0.9998436054442132
4.715157578789395,0.9992508543256705
4.728864432216108,0.9972593146326939
4.742571285642821,0.9992942757270047
4.756278139069535,1.0036431632854057
4.769984992496248,0.998518507261577
4.783691845922961,0.9998520479748046
4.7973986993496744,0.9984357013570423
4.811105552776388,0.9996558592038483
4.824812406203101,1.0025246155008085
4.838519259629814,0.9996312613937516
4.852226113056528,0.9986311759834323
4.865932966483241,1.001270720431537
4.879639819909954,1.002625446780876
4.8933466733366675,1.0010504380476046
4.907053526763381,1.0026524927194382
4.920760380190095,0.9989351349476377
4.934467233616808,1.0010150942854261
4.948174087043522,0.9966017865524053
4.961880940470235,0.9974351903428514
4.975587793896948,0.9977408722568846
4.9892946473236615,0.9981472631419818
5.003001500750375,0.999509676873595
5.016708354177088,1.000003395191835
5.030415207603801,1.0018334589995543
5.044122061030515,1.0000464008959875
5.057828914457228,1.0033157634544008
5.071535767883941,1.0019292368425392
5.0852426213106545,1.0011928596726585
5.098949474737368,0.9985979662353954
5.112656328164081,1.0032841651996904
5.126363181590795,0.9969749954400773
5.140070035017509,1.0012391363598718
5.153776888444222,1.0036673735504624
5.167483741870935,0.9967535401593905
5.1811905952976485,0.998773754338721
5.194897448724362,1.0013107670227426
5.208604302151075,1.0014651597833268
5.222311155577788,0.9992368557097728
5.236018009004502,1.0010778080681555
5.249724862431215,0.9991921875022832
5.263431715857928,1.003340774879298
5.2771385692846415,1.0013760374360483
5.290845422711355,0.9979280412340417
5.304552276138068,0.9986975271004918
5.318259129564782,0.9984473980380179
5.331965982991496,0.9990131615021984
5.345672836418209,1.0008436455854166
5.359379689844922,1.0025301610663122
5.3730865432716355,1.002305962515993
5.386793396698349,1.0007899451545155
5.400500250125062,0.9985110141469945
5.414207103551775,0.9996896073570896
5.427913956978489,1.0007862585176883
5.441620810405202,1.0004917776094941
5.455327663831915,0.9999180273725401
5.4690345172586285,1.0001157138658157
5.482741370685342,1.0007422655241467
5.496448224112055,1.0021724631528743
5.510155077538768,0.9983401443911771
5.523861930965483,0.9985744134824432
5.537568784392196,0.9967949241274816
5.551275637818909,0.9990852222553668
5.5649824912456225,0.9970346357868342
5.578689344672336,1.0018045119708423
5.592396198099049,0.9989642678176714
5.606103051525762,0.9985848390584028
5.619809904952476,0.9978722619553823
5.633516758379189,1.0011145823181624
5.647223611805902,1.0015578662272429
5.660930465232616,1.0025572814790034
5.674637318659329,0.9979963576061651
5.688344172086042,0.9989496421916065
5.7020510255127554,1.0013664264090387
5.71575787893947,0.999059465788265
5.729464732366183,0.9980487275271426
5.743171585792896,0.9984193988065331
5.7568784392196095,0.9842616106787528
5.770585292646323,0.9646613183142855
5.784292146073036,0.9630607802907295
5.797998999499749,0.962033379037298
5.811705852926463,0.9633918305192766
5.825412706353176,0.9657373610070608
5.839119559779889,0.95998166265045
5.852826413206603,0.9593749995015778
5.866533266633316,0.9652856763944568
5.880240120060029,0.9629203118707528
5.8939469734867425,0.9832630421158768
5.907653826913456,1.0013350693581382
5.92136068034017,0.9997941441406395
5.935067533766883,0.9977283019277319
5.9487743871935965,0.9963197884640526
5.96248124062031,0.9987148935155944
5.976188094047023,1.0000929102332878
5.989894947473736,0.9980386272913053
6.00360180090045,0.9996397757327358
6.017308654327163,0.9993761812880949
6.031015507753876,1.0019534146985294
6.04472236118059,0.9985676704227192
6.058429214607303,1.0017975194104929
6.072136068034016,0.9992253659439764
6.0858429214607295,0.9993454535256424
6.099549774887443,1.0000276089686941
6.113256628314156,1.002691515533586
6.12696348174087,0.9998640294356389
6.1406703351675835,1.0009707495457225
6.154377188594297,0.9999477091545219
6.16808404202101,0.9988263369368087
6.181790895447723,1.0024797736950777
6.195497748874437,0.9998828128171614
6.20920460230115,0.9980734389417653
6.222911455727863,0.9984670161446902
6.236618309154577,0.9986969173321453
6.25032516258129,0.9985451588247011
6.264032016008003,1.000788186141761
6.2777388694347165,1.0003992625630158
6.29144572286143,0.9987684559525098
6.305152576288143,1.00152879328665
6.318859429714857,0.9965027882409095
6.3325662831415706,0.999751546599424
6.346273136568284,0.9976122827809275
6.359979989994997,0.9985185230679989
6.37368684342171,1.002918354383892
6.387393696848424,0.9983434171111955
6.401100550275137,1.0006274804512816
6.41480740370185,0.9964126636970136
6.428514257128564,0.9997109011916514
6.442221110555277,0.9980960630290809
6.45592796398199,0.9984978584192009
6.4696348174087035,1.0015589593704746
6.483341670835417,1.0007773111923584
6.49704852426213,1.0003577249275477
6.510755377688843,0.9968575940611955
6.524462231115558,1.0008500626395676
6.538169084542271,1.0002431061260901
6.551875937968984,1.0017248028334507
6.5655827913956974,1.0045406123212905
6.579289644822411,0.9977720568425682
6.592996498249124,0.9970157548997011
6.606703351675837,1.001508374716825
6.620410205102551,0.9992448673245575
6.634117058529264,1.0011036712272787
6.647823911955977,0.9988023665307185
6.6615307653826905,1.0022935705183758
6.675237618809404,0.9981998261567822
6.688944472236117,1.000349188544454
6.70265132566283,1.0017745600187182
6.716358179089544,0.9965433977550181
6.730065032516258,0.99726573991081
6.743771885942971,0.9996363484679974
6.7574787393696845,1.0013897833601189
6.771185592796398,1.0044506864988978
6.784892446223111,1.0019076766408221
6.798599299649824,0.9974962114887111
6.812306153076538,1.0042807442359336
6.826013006503251,0.9986780491664117
6.839719859929964,1.0001612423798545
6.8534267133566775,1.000880509018589
6.867133566783391,0.998952074201739
6.880840420210104,1.0006494783706374
6.894547273636817,1.0006412010861545
6.908254127063531,1.0017751159134674
6.921960980490245,1.0010758466113328
6.935667833916958,0.9969364209957601
6.9493746873436715,1.0002459116073668
6.963081540770385,1.0008332115341032
6.976788394197098,0.9986120610371854
6.990495247623811,0.9970982726463887
7.004202101050525,0.9978226513699612
7.017908954477238,1.00107117996205
7.031615807903951,0.998908200982095
7.0453226613306645,1.000207754469063
7.059029514757378,0.9988684933208919
7.072736368184091,0.997624109481432
7.086443221610804,0.9980736325087435
7.100150075037518,0.9990769404082747
7.113856928464231,0.9974816150090974
7.127563781890945,0.9981957855561445
7.1412706353176585,1.0001474839057054
7.154977488744372,0.9967058120757778
7.168684342171085,1.0028752877769385
7.182391195597798,1.000360777468014
7.196098049024512,1.0004210044194595
7.209804902451225,0.9995257430943929
7.223511755877938,0.9975232772088829
7.2372186093046516,1.003538074335665
7.250925462731365,0.9998322107848687
7.264632316158078,1.0009731019134456
7.278339169584791,0.9996393352157216
7.292046023011505,0.9998676235027575
7.305752876438218,0.9989237643722044
7.319459729864932,1.0002712073341018
7.3331665832916455,0.9989184233304217
7.346873436718359,0.9998966660658923
7.360580290145072,0.9987838056733521
7.374287143571785,1.0009143862715975
7.387993996998499,0.9982557998065992
7.401700850425212,1.0004630066837785
7.415407703851925,1.003078395512299
7.429114557278639,0.9992536964231272
7.442821410705352,0.9996713370107608
7.456528264132065,1.003229066059281
7.4702351175587784,0.9985279668524096
7.483941970985492,0.9981574379686149
7.497648824412205,0.9969516558647883
7.511355677838918,1.0006295946381456
7.5250625312656325,0.999064763505798
7.538769384692346,0.998731271079275
7.552476238119059,0.9983259758336479
7.566183091545772,0.9981893082542568
7.579889944972486,0.9995810510587977
7.593596798399199,1.001261790455298
7.607303651825912,1.000036523770353
7.621010505252626,1.0007862561233136
7.634717358679339,1.00229188837015
7.648424212106052,1.0022602181321099
7.6621310655327655,0.9980426665512515
7.675837918959479,0.9953509863902287
7.689544772386192,1.0025203603087762
7.703251625812905,0.999850740835878
7.716958479239619,0.9982704325881772
7.730665332666333,1.000101150788961
7.744372186093046,0.9979829375079077
7.758079039519759,1.0023712269455054
7.771785892946473,1.0024771869284455
7.785492746373186,0.9951717547769948
7.799199599799899,0.9973203421130572
7.812906453226613,1.001015181964499
7.826613306653326,1.0012896751418576
7.840320160080039,1.00063402887943
7.8540270135067525,0.9985284829346479
7.867733866933466,1.0019879100517137
7.881440720360179,0.9981641994513549
7.895147573786892,0.9994263173702171
7.908854427213606,0.9991172856371046
7.92256128064032,1.0018815000460863
7.936268134067033,1.0031143965438694
7.949974987493746,0.9996921645417164
7.96368184092046,1.0001697409449535
7.977388694347173,0.9965302013873077
7.991095547773886,1.0012359801510353
8.0048024012006,1.003312824996809
8.018509254627313,1.0006206120020036
8.032216108054026,1.0002028559419671
8.04592296148074,1.0016406412044643
8.059629814907453,1.0010547349419538
8.073336668334166,0.9970824732078511
8.08704352176088,0.9976210847781418
8.100750375187593,1.002852731174192
8.114457228614306,1.0009584711510007
8.12816408204102,1.001512217524867
8.141870935467733,1.0008274025801005
8.155577788894446,0.9996228503135942
8.16928464232116,1.0014017325332996
8.182991495747872,1.001348401179195
8.196698349174586,0.9982805599052064
8.210405202601299,1.0006463081879322
8.224112056028014,0.9988380022217286
8.237818909454727,0.9994876677234453
8.25152576288144,1.0007032468824344
8.265232616308154,1.0021092960456712
8.278939469734867,1.0001093916639505
8.29264632316158,0.999164959951048
8.306353176588294,0.9965486259879115
8.320060030015007,0.9993174820338576
8.33376688344172,1.000620583021084
8.347473736868434,1.0048350457720616
8.361180590295147,1.001030677828621
8.37488744372186,0.9989903030760366
8.388594297148574,1.0021372748125428
8.402301150575287,0.9968410867277774
8.416008004002,0.998520228063953
8.429714857428714,1.0032984620848602
8.443421710855427,0.9974357243648223
8.45712856428214,0.999211351007087
8.470835417708853,0.999288686060047
8.484542271135567,0.9993178865314893
8.49824912456228,0.998069952109878
8.511955977988993,0.9993945629531986
8.525662831415707,0.9995472246857833
8.53936968484242,0.9994707585800606
8.553076538269133,0.9975510550262122
8.566783391695846,1.0014932306580053
8.58049024512256,0.9973775159366647
8.594197098549273,0.999169461051362
8.607903951975986,1.0016781963239412
8.6216108054027,0.9962845309517013
8.635317658829415,0.9983251531063537
8.649024512256128,0.9988915317585445
8.662731365682841,1.0023344335583726
8.676438219109555,1.0020233683110742
8.690145072536268,0.9976443205919987
8.703851925962981,1.0019915352491842
8.717558779389694,1.000526960587042
8.731265632816408,0.9967180366265261
8.744972486243121,0.9985557690675524
8.758679339669834,0.9984719404783455
8.772386193096548,0.999429146351259
8.786093046523261,0.9996291346334882
8.799799899949974,0.9995714629976449
8.813506753376688,0.9973272975306338
8.8272136068034,1.0023569091116795
8.840920460230114,1.0031190998453128
8.854627313656827,0.9992003247384154
8.86833416708354,0.998586762051462
8.882041020510254,0.9987401463082138
8.895747873936967,0.9995559311512227
8.90945472736368,0.9981316230796213
8.923161580790394,0.9999471974748108
8.936868434217107,1.0009691523298505
8.95057528764382,0.9978644750850174
8.964282141070534,0.9979707983608416
8.977988994497247,1.000478215730406
8.99169584792396,1.000283165308699
9.005402701350674,1.0032440464315555
9.019109554777387,1.0007716636940245
9.032816408204102,1.0031313352608902
9.046523261630815,1.0030718050314447
9.060230115057529,1.0004949512160088
9.073936968484242,0.9995615662516119
9.087643821910955,0.9987633409516853
9.101350675337669,0.9982181866231782
9.115057528764382,0.9972625243193471
9.128764382191095,0.9996622565986456
9.142471235617808,1.0008688287580654
9.156178089044522,0.9975454777389005
9.169884942471235,1.0013345832642246
9.183591795897948,1.0006268126461946
9.197298649324662,1.0011350955431175
9.211005502751375,0.9974965265366053
9.224712356178088,0.9964314479809117
9.238419209604801,0.9981132986716637
9.252126063031515,1.0007072498078216
9.265832916458228,1.0016514109368533
9.279539769884941,1.0005567398864412
9.293246623311655,1.0001089674484294
9.306953476738368,0.9958255268170285
9.320660330165081,1.0024433091065275
9.334367183591795,1.0015197175288815
9.348074037018508,1.0019929376653298
9.361780890445221,1.0007164742860146
9.375487743871934,1.0000880163454622
9.389194597298648,1.001041524889007
9.402901450725361,0.9996404428168468
9.416608304152074,1.0011629488381695
9.43031515757879,1.000652316580643
9.444022011005503,0.9979647943063553
9.457728864432216,0.9997622191646485
9.47143571785893,0.9975368850429348
9.485142571285643,1.0021038913396534
9.498849424712356,0.999024424382492
9.51255627813907,1.00086470217474
9.526263131565782,1.00033715756484
9.539969984992496,1.000313429493583
9.553676838419209,1.0026792259718749
9.567383691845922,1.0009309673324753
9.581090545272636,0.9991079609596446
9.594797398699349,0.9994596721045361
9.608504252126062,0.9986204484575028
9.622211105552775,0.9980395247708458
9.635917958979489,1.0016037844528078
9.649624812406202,0.9991002597501071
9.663331665832915,1.0011308751712178
9.677038519259629,0.9987849493034929
9.690745372686342,0.9988122382282427
9.704452226113055,0.9985696468073985
9.718159079539769,1.0008879328331455
9.731865932966482,1.0011307957017603
9.745572786393195,1.003443316978016
9.759279639819908,1.0011764574655133
9.772986493246622,1.00153585468897
9.786693346673335,1.001657215552948
9.800400200100048,1.000516572465286
9.814107053526762,0.9985878613858771
9.827813906953477,0.999681225837606
9.84152076038019,0.998958492728034
9.855227613806903,0.9997136755607641
9.868934467233617,1.000484389835544
9.88264132066033,1.0000828105228394
9.896348174087043,1.001802143397198
9.910055027513756,0.9988389399496879
9.92376188094047,1.0031226292825604
9.937468734367183,0.9995514857718962
9.951175587793896,0.9992083912737046
9.96488244122061,0.9957934959880528
9.978589294647323,0.9995149929971063
9.992296148074036,0.9980751140087984
10.00600300150075,0.8994868502734314
10.019709854927463,0.7624550407032346
10.033416708354176,0.7052824118295322
10.04712356178089,0.7034424128114861
10.060830415207603,0.7020140067760008
10.074537268634316,0.7033173533178091
10.08824412206103,0.7058957626495614
10.101950975487743,0.7065821627753405
10.115657828914456,0.7039603903096224
10.12936468234117,0.7023778798976981
10.143071535767882,0.7025364151216789
10.156778389194596,0.7015790365507093
10.170485242621309,0.7820371330712984
10.184192096048022,0.9174309165479689
10.197898949474736,0.9983051257201587
10.211605802901449,1.000093165031474
10.225312656328162,0.9963449018741474
10.239019509754877,0.99790382799906
10.25272636318159,1.0027428610537754
10.266433216608304,0.9972927901992426
10.280140070035017,1.0004018284847482
10.29384692346173,1.0001048631985126
10.307553776888444,0.9983244480193301
10.321260630315157,1.0020775181403587
10.33496748374187,1.000160086152556
10.348674337168584,1.0012550064042856
10.362381190595297,0.998027202582594
10.37608804402201,1.0024218632819295
10.389794897448724,1.0009378532345135
10.403501750875437,1.0008636331365017
10.41720860430215,1.0001298405664492
10.430915457728863,1.001094309487583
10.444622311155577,0.9972084482306198
10.45832916458229,1.0007795134919475
10.472036018009003,1.0000129825529946
10.485742871435717,0.9998890818720322
10.49944972486243,0.9967706458860525
10.513156578289143,1.0023429258759837
10.526863431715856,1.0045012908946824
10.54057028514257,1.0023309698367229
10.554277138569283,0.9997443531587921
10.567983991995996,1.0013174980620057
10.58169084542271,0.9993686690235123
10.595397698849423,1.000865858325027
10.609104552276136,0.9980447525587884
10.62281140570285,0.9960910296740942
10.636518259129565,1.0002469626202142
10.650225112556278,0.99722183013014
10.663931965982991,1.0005931875408858
10.677638819409704,1.0010286456645683
10.691345672836418,1.0031076606467337
10.705052526263131,1.0010539717993976
10.718759379689844,1.0013538219422617
10.732466233116558,1.002211571271828
10.746173086543271,0.9994615003029637
10.759879939969984,1.0029662946642752
10.773586793396698,1.0020126584707045
10.78729364682341,0.9987859349977746
10.801000500250124,1.0013934834154252
10.814707353676837,1.0017821589809266
10.82841420710355,1.0017374050412795
10.842121060530264,0.9996074183213398
10.855827913956977,1.0004193585081746
10.86953476738369,0.9978262788568064
10.883241620810404,0.9978389805533685
10.896948474237117,1.001004104639259
10.91065532766383,0.9980601605664966
10.924362181090544,1.001559871577621
10.938069034517257,0.9981926526836689
10.95177588794397,0.9991128612272284
10.965482741370684,0.997795486240837
10.979189594797397,0.999810823878337
10.99289644822411,1.0001140028419986
11.006603301650824,0.9991478185940122
11.020310155077537,1.0012055225831393
11.034017008504252,0.9989171257009114
11.047723861930965,0.9993038822912477
11.061430715357679,0.9992577888546563
11.075137568784392,1.0029488584893762
11.088844422211105,1.0006041567280792
11.102551275637818,1.0001406559765902
11.116258129064532,0.9990826455148107
11.129964982491245,0.9996325520899059
11.143671835917958,1.0002317431848724
11.157378689344672,0.9994582840634021
11.171085542771385,1.0026322021978369
11.184792396198098,1.0012302050015376
11.198499249624811,1.001551305560526
11.212206103051525,0.9994447612144157
11.225912956478238,0.9995893992661132
11.239619809904951,0.9979520881991338
11.253326663331665,0.9993225797509401
11.267033516758378,0.9982576479122702
11.280740370185091,1.0000863198191272
11.294447223611805,0.9981815226122766
11.308154077038518,1.0051579321067663
11.321860930465231,0.9987924960979796
11.335567783891944,0.9980313146741717
11.349274637318658,1.0023928787295637
11.362981490745371,1.0019511399388072
11.376688344172084,1.0004028465675414
11.390395197598798,1.0005441862515474
11.404102051025511,0.9961451660172251
11.417808904452224,1.0020964120624432
11.43151575787894,0.9982195248474243
11.445222611305653,0.9987020589934994
11.458929464732366,1.0030376921475925
11.47263631815908,1.0014240364374585
11.486343171585792,0.9967545036405299
11.500050025012506,0.99820438058491
11.513756878439219,1.0010223255049133
11.527463731865932,0.999279677002385
11.541170585292646,0.9994759868633952
11.554877438719359,0.9997163048888911
11.568584292146072,0.9989154070042278
11.582291145572785,0.9999978274367337
11.595997998999499,0.999448591813247
11.609704852426212,0.9982272606230362
11.623411705852925,0.9973510739530622
11.637118559279639,1.0027308922020082
11.650825412706352,0.9961506064058474
11.664532266133065,0.9970574106584932
11.678239119559779,0.999812405676125
11.691945972986492,1.002884045453506
11.705652826413205,1.0021663006399113
11.719359679839918,0.9987627056638787
11.733066533266632,0.9999217950131076
11.746773386693345,1.0028873981494715
11.760480240120058,1.0007503996371445
11.774187093546772,1.0013091087001524
11.787893946973485,1.0002360235249297
11.801600800400198,1.000738793912218
11.815307653826912,1.0000080826030986
11.829014507253625,0.9989739998453915
11.84272136068034,1.0008007201294913
11.856428214107053,1.0014805854608189
11.870135067533766,1.0020951292264222
11.88384192096048,0.9997834414274819
11.897548774387193,0.998256410779177
11.911255627813906,0.9973321430344276
11.92496248124062,1.001264842620834
11.938669334667333,1.0009462969909104
11.952376188094046,1.0007148684153169
11.96608304152076,1.0004532409215474
11.979789894947473,1.000735047679442
11.993496748374186,0.9994055883401094
12.0072036018009,1.0001592153150871
12.020910455227613,0.9993479154784928
12.034617308654326,1.0002914174772213
12.04832416208104,0.995916100679943
12.062031015507753,0.9985254433522831
12.075737868934466,0.9996183907607165
12.08944472236118,1.0017167718923858
12.103151575787892,0.9958029862667367
12.116858429214606,1.00101995008281
12.130565282641319,1.0021500755272719
12.144272136068032,1.000473288724286
12.157978989494746,1.0005577920664495
12.171685842921459,0.9982223211714669
12.185392696348172,1.0002783057297644
12.199099549774886,1.0016984474839388
12.212806403201599,1.0001021800264602
12.226513256628312,1.0005887783294856
12.240220110055027,1.0005232979214524
12.25392696348174,1.000337412062217
12.267633816908454,0.999237179184234
12.281340670335167,1.0024984424585217
12.29504752376188,0.9979590220489105
12.308754377188594,1.0026102829831405
12.322461230615307,1.000319561646415
12.33616808404202,0.999413465771182
12.349874937468734,1.0019602611636504
12.363581790895447,0.99555897845476
12.37728864432216,0.999921783481065
12.390995497748873,0.9995775975726651
12.404702351175587,1.0000877338538652
12.4184092046023,1.0006239902470377
12.432116058029013,1.0026432858837004
12.445822911455727,0.9988562709383281
12.45952976488244,0.9997765690576055
12.473236618309153,0.9976947820714666
12.486943471735866,0.9983899945999933
12.50065032516258,0.996728080384843
12.514357178589293,0.9983012036739721
12.528064032016006,0.9983445542133922
12.54177088544272,1.002644425898936
12.555477738869433,0.9990154419099777
12.569184592296146,1.003192307006582
12.58289144572286,1.0001379495933576
12.596598299149573,0.9987799073743363
12.610305152576286,0.9978598204056977
12.624012006003,0.9994440421162526
12.637718859429715,0.9976425643608022
12.651425712856428,1.001485004571403
12.665132566283141,0.99756720274064
12.678839419709854,0.9996446368516575
12.692546273136568,0.9987705902444886
12.706253126563281,1.0003968550590723
12.719959979989994,0.9989471506017223
12.733666833416708,0.9973423072685177
12.74737368684342,0.9960981483337299
12.761080540270134,0.9999243183376044
12.774787393696847,1.0013318271955913
12.78849424712356,0.9995996808100873
12.802201100550274,0.9995015068190802
12.815907953976987,0.9982450483604233
12.8296148074037,1.00061833287979
12.843321660830414,1.0002587124924276
12.857028514257127,0.9994694462359061
12.87073536768384,0.9984305980706275
12.884442221110554,1.0034040979279084
12.898149074537267,1.0015942505021618
12.91185592796398,1.0019857218765293
12.925562781390694,1.004162332268179
12.939269634817407,1.0017058107245183
12.95297648824412,0.9982669886180908
12.966683341670834,1.0009807746541532
12.980390195097547,1.0014193358727783
12.99409704852426,0.9989597377825594
13.007803901950973,1.0003951232402701
13.021510755377687,1.0054167080711238
13.035217608804402,0.9981677156207084
13.048924462231115,1.0019665622560738
13.062631315657828,0.998571725039713
13.076338169084542,1.003193946690631
13.090045022511255,0.9992379609246688
13.103751875937968,0.998290440241211
13.117458729364682,0.9984335604843487
13.131165582791395,1.0024288740962024
13.144872436218108,1.0029608177693008
13.158579289644821,1.0006441633032375
13.172286143071535,1.0011791264455518
13.185992996498248,1.001637720426693
13.199699849924961,0.9991101666110442
13.213406703351675,1.002873779695223
13.227113556778388,0.9965331224173323
13.240820410205101,0.9982532645478782
13.254527263631815,1.0026540791218745
13.268234117058528,1.000163060158845
13.281940970485241,0.9981885626246271
13.295647823911954,1.0008129061983417
13.309354677338668,0.9984061127519798
13.323061530765381,1.0014855605819108
13.336768384192094,1.0013953508690627
13.350475237618808,0.9949292998431617
13.364182091045521,1.002628743633507
13.377888944472234,0.9979770428560772
13.391595797898947,0.9947031018367722
13.40530265132566,0.9998404127725575
13.419009504752374,1.0021433931687398
13.432716358179087,0.9989162966847719
13.446423211605802,1.0003920184028476
13.460130065032516,1.0002313582642643
13.473836918459229,0.9992612059706559
13.487543771885942,1.000341898418834
13.501250625312656,0.9986658031682742
13.514957478739369,1.0043289146256653
13.528664332166082,0.9985125334066668
13.542371185592796,0.9891697744710223
13.556078039019509,1.00210578989368
13.569784892446222,1.0025853595205279
13.583491745872935,0.9965151215222019
13.597198599299649,1.0039459608478105
13.610905452726362,0.9994693110210209
13.624612306153075,1.0008524338124036
13.638319159579789,1.0018071808937041
13.652026013006502,1.0011609853900054
13.665732866433215,0.9970273146484883
13.679439719859928,1.0008116278550774
13.693146573286642,0.9985056602925587
13.706853426713355,1.0060780019587008
13.720560280140068,0.9994982024255713
13.734267133566782,0.9966406182131662
13.747973986993495,0.9990040198469975
13.761680840420208,0.9973446834591344
13.775387693846922,1.001406999973878
13.789094547273635,0.9987563093599994
13.802801400700348,0.9959539954683302
13.816508254127061,1.0019758720992733
13.830215107553775,0.9999268044207394
13.84392196098049,0.9983905476251298
13.857628814407203,0.9991298397099333
13.871335667833916,0.9961711634099942
13.88504252126063,1.0036797848763772
13.898749374687343,0.9988812770571915
13.912456228114056,0.9991158912834057
13.92616308154077,1.0003552664092645
13.939869934967483,0.9978875147105607
13.953576788394196,0.9973857726184029
13.96728364182091,0.9987693801862509
13.980990495247623,1.000086201023352
13.994697348674336,1.0021909759444445
14.00840420210105,1.003019047691839
14.022111055527763,1.0029133992141757
14.035817908954476,0.9978012354311636
14.04952476238119,1.0045555649672735
14.063231615807902,1.001022277781209
14.076938469234616,0.9983961373183613
14.090645322661329,0.9996768806868346
14.104352176088042,1.0008931564389945
14.118059029514756,1.0051162153706341
14.131765882941469,1.0039721252486895
14.145472736368182,1.0055587060573397
14.159179589794896,0.997231660578391
14.172886443221609,0.9968487780664834
14.186593296648322,0.9965903462842117
14.200300150075035,0.9961936747214264
14.214007003501749,1.000100707797099
14.227713856928462,0.9951746870973397
14.241420710355177,0.9986679036926922
14.25512756378189,0.9952436793368894
14.268834417208604,1.0051288008408723
14.282541270635317,1.0018655890815131
14.29624812406203,0.9838691202013913
14.309954977488744,0.9628890739297375
14.323661830915457,0.9629461316134228
14.33736868434217,0.965529589456904
14.351075537768883,0.9607294435756258
14.364782391195597,0.960472624988536
14.37848924462231,0.9616088311254742
14.392196098049023,0.9568698364927012
14.405902951475737,0.9640545328725867
14.41960980490245,0.9640261770280878
14.433316658329163,0.9885876778000994
14.447023511755877,1.0025854275133594
14.46073036518259,0.9984093709571326
14.474437218609303,1.0007198199568994
14.488144072036016,0.9992931554456806
14.50185092546273,1.002735541645013
14.515557778889443,1.0036333912481101
14.529264632316156,0.9998326037559245
14.54297148574287,0.9990395927417228
14.556678339169583,0.998312935537208
14.570385192596296,0.9963912029255875
14.58409204602301,1.0028586788522462
14.597798899449723,0.9973342903402861
14.611505752876436,0.9958076105572492
14.62521260630315,1.0009843643768768
14.638919459729864,1.0005123962236897
14.652626313156578,0.9991939924962939
14.666333166583291,1.000398062869277
14.680040020010004,1.0020866493785512
14.693746873436718,1.0022171882116224
14.70745372686343,0.9966006818876186
14.721160580290144,1.0018984725107933
14.734867433716857,1.0003621319789653
14.74857428714357,1.0008722383312212
14.762281140570284,0.9989031840093878
14.775987993996997,1.0013380540367423
14.78969484742371,1.0013264360921672
14.803401700850424,1.002858018141655
14.817108554277137,1.0013655338051988
14.83081540770385,0.9989907573337014
14.844522261130564,1.000561192015583
14.858229114557277,1.0041271047213962
14.87193596798399,1.001325134722016
14.885642821410704,0.9995926845359517
14.899349674837417,1.000843354396241
14.91305652826413,0.9992361524103511
14.926763381690844,1.0005151712730245
14.940470235117557,0.9991109349814423
14.95417708854427,0.9982502287610213
14.967883941970983,0.9997736039467435
14.981590795397697,0.9981600598935183
14.99529764882441,0.9997606279995958
15.009004502251123,1.0003171749357997
15.022711355677837,1.0025879101413009
15.03641820910455,0.9995353394229911
15.050125062531265,1.0000630787418672
15.063831915957978,1.000786607250981
15.077538769384692,1.0012346211520968
15.091245622811405,0.9970733266302633
15.104952476238118,1.0008247523101503
15.118659329664832,0.9981523124433024
15.132366183091545,1.0027860413692427
15.146073036518258,0.9965793597220122
15.159779889944971,1.0036493412732073
15.173486743371685,0.999305282813626
15.187193596798398,0.9985126916459955
15.200900450225111,0.9998318511110952
15.214607303651825,1.0004990850478626
15.228314157078538,1.0011305559613841
15.242021010505251,0.9991635495978355
15.255727863931964,1.0013509906585685
15.269434717358678,1.0012170428387046
15.283141570785391,0.999869370970066
15.296848424212104,1.0018876076284715
15.310555277638818,0.9993732722641213
15.324262131065531,1.0025121718780625
15.337968984492244,0.9996875831340238
15.351675837918958,0.9985806255609715
15.36538269134567,1.0002536365929025
15.379089544772384,0.9980447122067646
15.392796398199097,1.0025367245719796
15.40650325162581,1.0001222473683002
15.420210105052524,0.999894668949553
15.433916958479237,0.9999988216312942
15.447623811905952,0.998924603305434
15.461330665332666,1.0010756005218142
15.475037518759379,1.0012956630796874
15.488744372186092,0.999284252446112
15.502451225612806,0.9965865731621644
15.516158079039519,1.0009242139295766
15.529864932466232,0.9972499440638545
15.543571785892945,1.0004262661821515
15.557278639319659,1.003004029217033
15.570985492746372,1.001271166501225
15.584692346173085,1.0000101616984594
15.598399199599799,1.0014835063217005
15.612106053026512,0.9996079815329029
15.625812906453225,1.0022494428833442
15.639519759879938,0.999130829725943
15.653226613306652,1.0005919247643604
15.666933466733365,0.9990261255402908
15.680640320160078,1.0028861572073415
15.694347173586792,1.0001676121134222
15.708054027013505,0.9985042392656993
15.721760880440218,0.9989224408758456
15.735467733866932,0.9997877825631951
15.749174587293645,1.0025846251966375
15.762881440720358,0.999301354544146
15.776588294147071,1.0002934521301763
15.790295147573785,1.002537185018075
15.804002001000498,1.0059081314689382
15.817708854427211,0.9997609318282871
15.831415707853925,0.9978759525751861
15.84512256128064,0.999991330493951
15.858829414707353,0.9983390883825775
15.872536268134066,0.9998257579244784
15.88624312156078,1.0050294136088547
15.899949974987493,0.9968026335577271
15.913656828414206,0.9998851694822667
15.92736368184092,0.9974751131530883
15.941070535267633,0.9972833451373878
15.954777388694346,1.0013752695695615
15.96848424212106,1.000839573375748
15.982191095547773,1.0019651285006685
15.995897948974486,0.9997292938434603
16.0096048024012,0.9994208718021109
16.02331165582791,1.0009913245882978
16.037018509254626,1.0011461414652907
16.05072536268134,1.001343975989258
16.064432216108052,0.9996223879164932
16.078139069534767,0.9959187714858815
16.09184592296148,1.0010115209765031
16.105552776388194,1.0031346460215989
16.119259629814906,1.0037350824340627
16.13296648324162,0.9985960967174895
16.146673336668332,1.0023065732502578
16.160380190095047,1.000402969848249
16.17408704352176,0.9993680963624416
16.187793896948474,0.9992701822396435
16.201500750375185,0.9998060673158491
16.2152076038019,0.9976168809819789
16.228914457228612,1.0029286583057047
16.242621310655327,1.001983728781379
16.25632816408204,1.0034504064721832
16.270035017508754,1.003253942613925
16.283741870935465,0.9977884373115481
16.29744872436218,0.9988307874742717
16.31115557778889,0.9993459198792483
16.324862431215607,1.0007429112081236
16.33856928464232,1.0026852859040989
16.352276138069033,1.0027896895861785
16.365982991495745,1.0009013618420894
16.37968984492246,0.9987706879105863
16.39339669834917,1.0004393726549807
16.407103551775887,1.002312541310794
16.420810405202598,0.9997106279348401
16.434517258629313,1.0030503431586326
16.448224112056028,0.9991378521856106
16.46193096548274,1.0021167438699616
16.475637818909455,1.0016637202904466
16.489344672336166,0.999682880593055
16.50305152576288,0.998616448604496
16.516758379189593,1.0015722747964242
16.530465232616308,0.9984149563662804
16.54417208604302,1.0011706972180454
16.557878939469735,1.0034564471243634
16.571585792896446,1.001139211344967
16.58529264632316,1.0038694915425515
16.598999499749873,1.0008154274266483
16.612706353176588,0.9962771687731407
16.6264132066033,0.9956354573272989
16.640120060030014,1.0037449088961736
16.653826913456726,0.9970842812838522
16.66753376688344,1.001511133785007
16.681240620310152,0.9992609905623029
16.694947473736867,0.9973583729037664
16.70865432716358,0.9990887301237826
16.722361180590294,1.002909584868073
16.736068034017006,1.000914186371428
16.74977488744372,1.0008493973782038
16.763481740870432,1.0001202190133796
16.777188594297147,1.0010003874482303
16.79089544772386,0.9992309213320324
16.804602301150574,0.997494007818162
16.818309154577285,1.0055079633018031
16.832016008004,1.0006292053940522
16.845722861430716,1.0002835835581259
16.859429714857427,1.0010603288436264
16.873136568284142,0.9956818924323498
16.886843421710854,1.0010430061117543
16.90055027513757,0.99644926303097
16.91425712856428,0.9992014863503359
16.927963981990995,1.0000421606554015
16.941670835417707,0.9984218423344629
16.955377688844422,0.9969004942245895
16.969084542271133,0.9971540288532869
16.98279139569785,1.0016896045637254
16.99649824912456,0.9997598617128182
17.010205102551275,1.0013985802089347
17.023911955977987,1.0003701867450079
17.0376188094047,0.999989576768084
17.051325662831413,0.9985950015961503
17.06503251625813,0.9997020486242656
17.07873936968484,1.000649078469558
17.092446223111555,0.9955590239036091
17.106153076538266,0.9996843403450725
17.11985992996498,1.0023829330229743
17.133566783391693,0.9979321174054906
17.147273636818408,0.9975067670431335
17.16098049024512,1.0009461493509497
17.174687343671835,0.9987023337042673
17.188394197098546,1.0010472509713793
17.20210105052526,0.998219785733705
17.215807903951973,0.9985766062532866
17.229514757378688,0.9976796480463624
17.2432216108054,1.0015174088307681
17.256928464232114,0.996955288703806
17.27063531765883,1.0052243952779165
17.28434217108554,0.9989876390136303
17.298049024512256,0.9979227658663884
17.311755877938968,1.000700236443604
17.325462731365683,1.0007126763864629
17.339169584792394,1.0010417860970084
17.35287643821911,1.0012889433167453
17.36658329164582,0.9984251322066818
17.380290145072536,1.000775364207872
17.393996998499247,1.0019127563220052
17.407703851925962,1.0004567611912607
17.421410705352674,0.9980733512527321
17.43511755877939,0.9999748569500204
17.4488244122061,1.0001985280258399
17.462531265632816,1.0021056746825079
17.476238119059527,0.9982627620704383
17.489944972486242,0.9991467740941379
17.503651825912954,1.0050447837891128
17.51735867933967,1.0012781757415095
17.53106553276638,0.9983263904438093
17.544772386193095,0.9974502064842771
17.558479239619807,1.0012451740101012
17.572186093046522,0.9964590420966166
17.585892946473233,0.997835449760608
17.59959979989995,0.9987474264952265
17.61330665332666,1.0019676276777238
17.627013506753375,1.0004907797455391
17.640720360180087,1.003305498736395
17.6544272136068,1.0036498929460473
17.668134067033517,0.9991534083042021
17.68184092046023,1.0018971444285607
17.695547773886943,0.9963919036818578
17.709254627313655,0.9999982788151484
17.72296148074037,1.0001896463200097
17.73666833416708,0.999522485912527
17.750375187593797,0.9993161929372493
17.764082041020508,0.9970093143680907
17.777788894447223,1.0002727893032815
17.791495747873935,0.9990281353557247
17.80520260130065,0.9986676987961913
17.81890945472736,1.001498104825965
17.832616308154076,1.0021889743911354
17.846323161580788,0.9987814935084535
17.860030015007503,0.9989205358309988
17.873736868434214,1.0039445015816424
17.88744372186093,0.9985396446183463
17.90115057528764,1.0027114917034838
17.914857428714356,1.0017593507417581
17.928564282141068,1.0007086434773131
17.942271135567783,0.9997786148640077
17.955977988994494,1.0008529372696937
17.96968484242121,1.0020618664254628
17.98339169584792,0.9994506752132349
17.997098549274636,0.9986086157471948
18.010805402701347,1.003110571994794
18.024512256128062,1.0012450251327598
18.038219109554774,1.0011018246696917
18.05192596298149,0.9974330498638089
18.065632816408204,0.9976776210575443
18.079339669834916,0.9985192127606075
18.09304652326163,1.0001740684248073
18.106753376688342,0.9964134884914825
18.120460230115057,0.998454177871175
18.13416708354177,1.0027249422032263
18.147873936968484,1.0004286459121916
18.161580790395195,0.9989806086823676
18.17528764382191,0.9972658594749962
18.188994497248622,0.9996089317064635
18.202701350675337,1.0027824899823938
18.21640820410205,0.999338647074022
18.230115057528764,0.9987580451992787
18.243821910955475,1.0029720933805109
18.25752876438219,0.996451768909197
18.2712356178089,0.9996086225437274
18.284942471235617,0.9984774956156702
18.29864932466233,0.9978994021987475
18.312356178089043,1.001217234019257
18.326063031515755,1.0003386424849061
18.33976988494247,0.9979632750240003
18.35347673836918,0.9991675282683102
18.367183591795897,1.0021528086514726
18.380890445222608,1.001446605998988
18.394597298649323,1.0033776577092035
18.408304152076035,1.0000189783213609
18.42201100550275,1.0008645439384434
18.43571785892946,0.9999240701889196
18.449424712356176,0.9986097412555356
18.46313156578289,1.0002751092709876
18.476838419209603,0.9997289478016391
18.490545272636318,0.9963570755838057
18.50425212606303,0.999922464402663
18.517958979489745,0.999098421026393
18.531665832916456,0.9967650723600324
18.54537268634317,0.8765955509254609
18.559079539769883,0.7365691314144225
18.572786393196598,0.7048799894203445
18.58649324662331,0.7036947938659155
18.600200100050024,0.7034110615133181
18.613906953476736,0.7026102651055046
18.62761380690345,0.7020516172159468
18.641320660330162,0.703037528789376
18.655027513756878,0.7022445283386508
18.66873436718359,0.7038257560952259
18.682441220610304,0.7031169063441715
18.696148074037016,0.7024872072015264
18.70985492746373,0.8040826880380706
18.723561780890442,0.9427964010142413
18.737268634317157,1.003006529946888
18.75097548774387,1.001692354109706
18.764682341170584,1.001936091211515
18.778389194597295,1.0010706170991917
18.79209604802401,0.997336607728691
18.805802901450722,0.9970674426214469
18.819509754877437,1.001828924841407
18.83321660830415,1.0050484921870062
18.846923461730864,0.9980822234431331
18.86063031515758,0.9951422180259185
18.87433716858429,0.9989912776781242
18.888044022011005,1.0006900214597232
18.901750875437717,0.9993346024038422
18.915457728864432,0.9989403714537431
18.929164582291143,0.9995747972871886
18.94287143571786,0.9999575080191334
18.95657828914457,0.9995433554807467
18.970285142571285,1.0013548683778835
18.983991995997997,1.001755268134069
18.99769884942471,0.9997873296716336
19.011405702851423,0.9997132456810449
19.02511255627814,0.9999739322947421
19.03881940970485,1.0024996576683671
19.052526263131565,1.0000286063685417
19.066233116558276,1.0001082790450495
19.07993996998499,1.0001319754332958
19.093646823411703,0.9968339940922116
19.107353676838418,1.0026139451266864
19.12106053026513,1.0006472232743555
19.134767383691845,0.997155627294957
19.148474237118556,0.9981058327875436
19.16218109054527,1.0022019288640942
19.175887943971983,0.9992066183047404
19.189594797398698,0.9978968488367578
19.20330165082541,0.9978261566098571
19.217008504252124,0.9994053813048357
19.230715357678836,1.003707131288834
19.24442221110555,1.0009287969640137
19.258129064532266,0.9978577135766052
19.271835917958978,0.9974362776101223
19.285542771385693,0.9975765906511677
19.299249624812404,0.9995159687632656
19.31295647823912,1.001480617990063
19.32666333166583,0.9949302762364584
19.340370185092546,0.9997803418761967
19.354077038519257,1.000354199399025
19.367783891945972,0.999001721364087
19.381490745372684,1.000988592972257
19.3951975987994,0.9991941710140853
19.40890445222611,1.000681039838358
19.422611305652826,1.0008159448258998
19.436318159079537,1.0043453101387416
19.450025012506252,0.997779436224868
19.463731865932964,0.9991709011077575
19.47743871935968,1.0006988417589686
19.49114557278639,1.0017466914768425
19.504852426213105,0.9985074938468536
19.518559279639817,0.9990346036066255
19.532266133066532,1.0015706475777226
19.545972986493243,0.999495423366591
19.55967983991996,0.9979444459219602
19.57338669334667,1.0014564770191599
19.587093546773385,1.0006331465992766
19.600800400200097,0.9975279231286971
19.61450725362681,1.000014956664846
19.628214107053523,0.9982129176760323
19.64192096048024,0.9967268515728666
19.655627813906953,0.9982897455286985
19.669334667333665,0.9986674617420429
19.68304152076038,0.9994786880131222
19.69674837418709,0.9985231359019742
19.710455227613807,1.0020486865948133
19.724162081040518,1.0025655371208473
19.737868934467233,0.9987046367184225
19.751575787893945,1.0004846312520892
19.76528264132066,1.0015704360169473
19.77898949474737,0.9989588728125763
19.792696348174086,1.0002760730674871
19.806403201600798,1.0012926190832665
19.820110055027513,0.9982249576023432
19.833816908454224,0.9990921295572202
19.84752376188094,1.0017541889581743
19.86123061530765,1.0018380419089774
19.874937468734366,0.9999405349449253
19.888644322161078,1.0026117743012875
19.902351175587793,0.999615739239324
19.916058029014504,0.9986351099711216
19.92976488244122,0.9994947707263867
19.94347173586793,1.0020912838469174
19.957178589294646,1.001005933259842
19.970885442721357,0.9966070040773686
19.984592296148072,1.004082113270893
19.998299149574784,0.9998091263092977
20.0120060030015,0.9992703493541033
20.02571285642821,0.9975657818785858
20.039419709854926,1.0014214569616415
20.05312656328164,0.9988178254504213
20.066833416708352,0.997627675442452
20.080540270135067,1.0022756542644116
20.09424712356178,1.0019646771178572
20.107953976988494,0.9978269896060472
20.121660830415205,1.000513248873409
20.13536768384192,1.0003674282559565
20.149074537268632,1.0034032899554082
20.162781390695347,1.000087835474406
20.17648824412206,1.003912879542943
20.190195097548774,1.002660274815536
20.203901950975485,1.0004426952137484
20.2176088044022,1.003647962067449
20.23131565782891,1.0005349271260149
20.245022511255627,1.0016187190933998
20.25872936468234,1.0035889247405643
20.272436218109053,1.0012875822036509
20.286143071535765,0.9987732637610583
20.29984992496248,1.000728525619021
20.31355677838919,1.002631907395005
20.327263631815907,1.0013594653574829
20.340970485242618,0.9982286083923819
20.354677338669333,1.0010143525837656
20.368384192096045,1.0027256402812788
20.38209104552276,0.9958965448864205
20.39579789894947,1.0005046813901843
20.409504752376186,0.997591334267573
20.423211605802898,1.0015446963362862
20.436918459229613,0.9995491620533371
20.450625312656324,0.9973021306545322
20.46433216608304,1.004997464985068
20.478039019509755,0.998892922273447
20.491745872936466,1.0002898232590816
20.50545272636318,1.0027606842259693
20.519159579789893,0.9983972163991977
20.532866433216608,1.0019882462172254
20.54657328664332,1.002943197227546
20.560280140070034,1.0031032976602525
20.573986993496746,0.9998066152224311
20.58769384692346,0.9976339661017218
20.601400700350172,0.9997170446185629
20.615107553776888,1.0033988540020555
20.6288144072036,1.002603987480826
20.642521260630314,1.0032758563398025
20.656228114057026,0.9990549508621467
20.66993496748374,1.0043711535811026
20.683641820910452,0.997539093256563
20.697348674337167,1.0026028226826222
20.71105552776388,1.0004459571887396
20.724762381190594,0.9983715050835983
20.738469234617305,0.9998923031195274
20.75217608804402,1.0011926805777036
20.765882941470732,1.0047433000439314
20.779589794897447,0.9990457397170024
20.79329664832416,0.9997619583184827
20.807003501750874,1.0032281752293186
20.820710355177585,0.9962699761890584
20.8344172086043,0.9976274178107943
20.84812406203101,0.9997958253711863
20.861830915457727,1.0012689693454795
20.875537768884442,0.9978640620628206
20.889244622311153,1.0003083584113648
20.90295147573787,1.0025985858218391
20.91665832916458,0.9968040386564494
20.930365182591295,1.0031856417679788
20.944072036018007,1.0016342345643203
20.95777888944472,0.9964382708920807
20.971485742871433,1.0004904915943937
20.98519259629815,1.002000947070651
20.99889944972486,0.9989099417817492
21.012606303151575,1.0021574084115161
21.026313156578286,0.9998883742430874
21.040020010005,1.000688676689765
21.053726863431713,0.9976420627667582
21.067433716858428,1.0024031060027208
21.08114057028514,1.0000155494490308
21.094847423711855,0.9972348048752708
21.108554277138566,0.9996510031479491
21.12226113056528,1.0011075444178024
21.135967983991993,0.9998823174144884
21.149674837418708,1.000006298523387
21.16338169084542,1.000270493652675
21.177088544272134,0.9990614191114788
21.190795397698846,1.0027898434267999
21.20450225112556,1.0027036270385172
21.218209104552272,0.9991712957346591
21.231915957978988,1.002019830644698
21.2456228114057,1.0002276722539674
21.259329664832414,1.0015083244661283
21.27303651825913,0.9985961124980497
21.28674337168584,1.0010394721799023
21.300450225112556,0.999642078658956
21.314157078539267,1.001303139242768
21.327863931965982,0.9954061007357901
21.341570785392694,0.9989367774774602
21.35527763881941,0.9999813288673565
21.36898449224612,1.0025987670229841
21.382691345672836,1.0013299488639746
21.396398199099547,0.9999079176680481
21.410105052526262,0.994275258034661
21.423811905952974,1.0011437885587087
21.43751875937969,1.0013803563155246
21.4512256128064,1.000396500507704
21.464932466233115,0.9969355952170736
21.478639319659827,1.002058020192127
21.492346173086542,0.9985968642802877
21.506053026513253,1.0032846627035334
21.51975987993997,1.0014249191514064
21.53346673336668,1.0010121774734075
21.547173586793395,1.004725153640468
21.560880440220107,0.9990095197525783
21.57458729364682,1.0018807079887553
21.588294147073533,0.9992317662696872
21.60200100050025,1.000982352603183
21.61570785392696,0.9990728334386333
21.629414707353675,0.9984325143878556
21.643121560780386,1.0030718225346977
21.6568284142071,1.00143713560469
21.670535267633817,1.0006660710322677
21.684242121060528,0.997876849582228
21.697948974487243,0.9959702384975605
21.711655827913955,1.0014238577284016
21.72536268134067,1.005058527308597
21.73906953476738,1.0004947386648027
21.752776388194096,1.0026201852634193
21.766483241620808,1.0017050465407704
21.780190095047523,0.9991029278966316
21.793896948474234,0.9991149672723662
21.80760380190095,1.0019652148751186
21.82131065532766,0.999926998648952
21.835017508754376,1.0037383698119575
21.848724362181088,1.000219712536473
21.862431215607803,1.0005068931224508
21.876138069034514,1.0010865166488547
21.88984492246123,0.9977518306442763
21.90355177588794,1.0008029288688751
21.917258629314656,0.9986246334014366
21.930965482741367,0.9971750474654844
21.944672336168082,0.999021853692965
21.958379189594794,0.9976650330101119
21.97208604302151,1.0009267160609647
21.98579289644822,1.001042072664633
21.999499749874936,0.9959553427416744
22.013206603301647,1.001457193981242
22.026913456728362,1.001293613577442
22.040620310155074,0.9962424873203592
22.05432716358179,1.002849640413603
22.068034017008504,1.0002537261520619
22.081740870435215,0.9994490364467737
22.09544772386193,0.9973056976415355
22.109154577288642,0.9992470572380346
22.122861430715357,0.9974844748023971
22.13656828414207,0.9993729175045906
22.150275137568784,1.0019745514274605
22.163981990995495,1.0057303911782651
22.17768884442221,1.0009605546010387
22.19139569784892,1.001030328734302
22.205102551275637,0.99999673027287
22.21880940470235,1.0029400771559613
22.232516258129063,0.9995838037340771
22.246223111555775,0.9973513216555611
22.25992996498249,0.9997346202581573
22.2736368184092,0.9972932100099259
22.287343671835917,0.9976637366184335
22.301050525262628,1.0013922053816129
22.314757378689343,0.9978904728760672
22.328464232116055,0.999581973508346
22.34217108554277,1.00142702881846
22.35587793896948,0.9988390330587895
22.369584792396196,1.0009584464917227
22.383291645822908,1.000733125315847
22.396998499249623,1.0011807252352547
22.410705352676334,0.9992276765829065
22.42441220610305,0.9978824309472718
22.43811905952976,0.9980394145514209
22.451825912956476,1.001763354778612
22.46553276638319,0.9975425491827438
22.479239619809903,0.993913002407323
22.492946473236618,1.0034734614546565
22.50665332666333,0.999748764961758
22.520360180090044,0.9970425797719027
22.534067033516756,0.9998097469390004
22.54777388694347,1.0001670069295303
22.561480740370182,1.0004886458366167
22.575187593796898,1.00033922529063
22.58889444722361,1.002523502086651
22.602601300650324,0.997361110083952
22.616308154077036,0.9997610834534794
22.63001500750375,1.0014435561415571
22.643721860930462,1.000039918151946
22.657428714357177,1.0030100442570022
22.67113556778389,0.9991796247382222
22.684842421210604,1.0012285995239147
22.698549274637315,1.0016981736149153
22.71225612806403,1.0001644772113165
22.725962981490742,1.0012303486124536
22.739669834917457,0.9968596668086397
22.75337668834417,0.9976665837817484
22.767083541770884,1.0018768441917851
22.780790395197595,1.0000944250903383
22.79449724862431,0.9986021759998372
22.808204102051022,1.0030527565343839
22.821910955477737,1.0008912121083058
22.83561780890445,0.9754658907447196
22.849324662331163,0.9616143312235629
22.86303151575788,0.9637210511585105
22.87673836918459,0.9648347077853914
22.890445222611305,0.9604998198296287
22.904152076038017,0.9634124495564337
22.91785892946473,0.9601842355966268
22.931565782891443,0.9638217346531744
22.94527263631816,0.9627684937818313
22.95897948974487,0.9701752132251976
22.972686343171585,0.991711943106747
22.986393196598296,0.9970174266043415
23.00010005002501,1.0003580311359004
23.013806903451723,1.0007014739335713
23.027513756878438,1.0051882078623295
23.04122061030515,1.0005728046039217
23.054927463731865,1.0025467020452372
23.068634317158576,0.9988829190618437
23.08234117058529,1.0010324482173354
23.096048024012003,0.9992080918224802
23.109754877438718,0.9962025471538317
23.12346173086543,0.999073722492519
23.137168584292144,1.0026329404766137
23.150875437718856,0.998982795205599
23.16458229114557,0.9986663694780151
23.178289144572283,0.9972785252065819
23.191995997998998,1.00121428656666
23.20570285142571,1.0021839634449663
23.219409704852424,0.9987236492513494
23.233116558279136,0.9968416120051846
23.24682341170585,0.9998482961232701
23.260530265132566,1.0020639234722846
23.274237118559277,1.0012851893762664
23.287943971985992,1.0003594625825363
23.301650825412704,1.0020206886575382
23.31535767883942,0.9987438083652632
23.32906453226613,1.0018990592847452
23.342771385692846,0.9991213546734693
23.356478239119557,1.0011602255929324
23.370185092546272,0.9948118075796729
23.383891945972984,0.9999637140186057
23.3975987993997,0.9984096210950858
23.41130565282641,1.0005237779901024
23.425012506253125,1.0011284354424683
23.438719359679837,0.9973798762063406
23.452426213106552,1.0018235111357334
23.466133066533263,1.0025043868087748
23.47983991995998,1.0015954077201383
23.49354677338669,1.0014446118225375
23.507253626813405,0.9985642556379017
23.520960480240117,1.002160383205
23.53466733366683,1.0016045775865152
23.548374187093543,0.9985523293994638
23.56208104052026,0.999371564018868
23.57578789394697,1.003220584474892
23.589494747373685,1.0002801899156462
23.603201600800396,0.9975722580729308
23.61690845422711,1.0025377349837632
23.630615307653823,1.0005762305122072
23.644322161080538,1.0008641909524685
23.65802901450725,0.999326543855104
23.671735867933965,0.9968384748851918
23.68544272136068,0.9979491909402229
23.69914957478739,1.0006781063636263
23.712856428214106,1.0025512910271568
23.726563281640818,0.9976776419466091
23.740270135067533,0.9981818524564324
23.753976988494244,0.9994499412545425
23.76768384192096,0.9991346459937617
23.78139069534767,1.000857295427777
23.795097548774386,1.0036470182211272
23.808804402201098,0.9980901215027395
23.822511255627813,0.9994460343809658
23.836218109054524,0.9985651595838841
23.84992496248124,0.9972582347080137
23.86363181590795,1.0007739137313842
23.877338669334666,1.0017487823439681
23.891045522761377,0.9976242709410317
23.904752376188092,1.0020909307793826
23.918459229614804,1.000693238325046
23.93216608304152,0.9993284407522925
23.94587293646823,1.0009567948120859
23.959579789894946,1.0027558425447218
23.973286643321657,0.9988071323262522
23.986993496748372,1.0001739925191824
24.000700350175084,0.9980616176241962
24.0144072036018,1.000749344732087
24.02811405702851,0.9980748103913272
24.041820910455225,0.9993910817607958
24.055527763881937,0.9988798113703857
24.069234617308652,0.9973977384878768
24.082941470735367,1.0021926270743087
24.09664832416208,1.0011587317935924
24.110355177588794,0.9989285418782534
24.124062031015505,0.9982957250208837
24.13776888444222,1.0002053271492963
24.15147573786893,0.9998772452905038
24.165182591295647,0.9986397930251548
24.17888944472236,1.000880258343684
24.192596298149073,0.9999429538015898
24.206303151575785,1.0016810296338592
24.2200100050025,0.9979902372809252
24.23371685842921,1.0006246982150782
24.247423711855927,1.0015683712248276
24.261130565282638,0.9976598546341265
24.274837418709353,1.0031677854026655
24.288544272136065,1.0050307115729722
24.30225112556278,0.9995731031887563
24.31595797898949,0.9984934958307228
24.329664832416206,0.9961700368728432
24.343371685842918,0.9978020113260883
24.357078539269633,0.9997126587215973
24.370785392696344,1.0054686440909362
24.38449224612306,1.0008041048556078
24.39819909954977,1.001105449649531
24.411905952976486,0.9992821899277206
24.425612806403198,1.0007387954661804
24.439319659829913,0.9978176591743607
24.453026513256624,1.0005382215470842
24.46673336668334,0.9989905892252412
24.480440220110054,1.0023164966946665
24.494147073536766,1.0015267175263836
24.50785392696348,1.0038514178429505
24.521560780390192,1.0023974538560654
24.535267633816908,1.00222577007263
24.54897448724362,0.9974698884011631
24.562681340670334,1.0008055146795185
24.576388194097046,1.0000127758877144
24.59009504752376,1.0017789579241132
24.603801900950472,1.0006068009794595
24.617508754377187,0.999367822295229
24.6312156078039,0.9974860697249147
24.644922461230614,1.0014353926311834
24.658629314657325,0.9999060571079532
24.67233616808404,1.0024470457349384
24.686043021510752,0.9998983326678694
24.699749874937467,0.9982804538225918
24.71345672836418,0.9998461247484851
24.727163581790894,0.9958539763089856
24.740870435217605,1.0005691628520264
24.75457728864432,0.9998119743568619
24.768284142071032,0.9983260609828827
24.781990995497747,1.0010505215441625
24.79569784892446,0.9984130238494923
24.809404702351173,1.002515086358722
24.823111555777885,1.001093356805947
24.8368184092046,1.0038725250015221
24.85052526263131,1.001699094224153
24.864232116058027,1.0002555814855667
24.87793896948474,1.0031440541594459
24.891645822911453,0.9999812956237765
24.90535267633817,1.0002546939326544
24.91905952976488,0.9984222951226995
24.932766383191595,0.9967224490554928
24.946473236618306,1.0027365133813275
24.96018009004502,1.0008915170775965
24.973886943471733,0.9978684848442361
24.987593796898448,0.9963207130369801
25.00130065032516,1.000955240301793
25.015007503751875,1.0022916981528054
25.028714357178586,1.0038743258984888
25.0424212106053,0.9959134266109264
25.056128064032013,1.0018255044646245
25.069834917458728,0.9978307781360316
25.08354177088544,0.9957068555151875
25.097248624312154,0.9987051045334211
25.110955477738866,0.9998049187950173
25.12466233116558,1.0006440032288044
25.138369184592293,0.9995577851685231
25.152076038019008,0.9967728228658486
25.16578289144572,1.0005403518578706
25.179489744872434,1.001449344763629
25.193196598299146,1.0001595821559868
25.20690345172586,1.002717186153158
25.220610305152572,1.0019831307143579
25.234317158579287,1.001018456400995
25.248024012006,0.9982915248450109
25.261730865432714,0.9994442330080952
25.27543771885943,1.0012210154435734
25.28914457228614,1.0028578073323278
25.302851425712856,0.9989762377918023
25.316558279139567,0.9992445831485723
25.330265132566282,1.0024482666388517
25.343971985992994,0.9993278306678056
25.35767883941971,1.0008046429744208
25.37138569284642,0.9987411908060683
25.385092546273135,0.9985448032295219
25.398799399699847,1.0000024862622698
25.412506253126562,1.0031797965775695
25.426213106553273,1.0038281992326707
25.43991995997999,1.0024624254606886
25.4536268134067,0.9988068747001555
25.467333666833415,0.9988722812168597
25.481040520260127,0.9949699459848506
25.49474737368684,0.9998303542617472
25.508454227113553,1.0012784120617975
25.52216108054027,1.0028127297657328
25.53586793396698,0.9987964886210864
25.549574787393695,0.9992367360502364
25.563281640820406,0.997277217610743
25.57698849424712,0.9980316995307215
25.590695347673833,1.0010918855292181
25.604402201100548,0.9992455020903911
25.61810905452726,0.9945016706739304
25.631815907953975,1.0023594099359514
25.645522761380686,0.9969562774794697
25.6592296148074,1.0002096140693466
25.672936468234116,1.000345053822802
25.686643321660828,0.9984461681144675
25.700350175087543,0.9999405273097359
25.714057028514254,0.9995556198163795
25.72776388194097,1.0009108158588067
25.74147073536768,1.000599557934741
25.755177588794396,1.0022689380454561
25.768884442221108,0.9991692907538005
25.782591295647823,1.0012901408491965
25.796298149074534,0.9985138756533366
25.81000500250125,0.9995542017645609
25.82371185592796,0.9954025325483556
25.837418709354676,1.0008621666697808
25.851125562781387,1.0010959583491075
25.864832416208102,0.9988172450369198
25.878539269634814,0.998673414278604
25.89224612306153,1.0009638820642854
25.90595297648824,0.9997461191331595
25.919659829914956,1.0017643723488263
25.933366683341667,0.9991947191445293
25.947073536768382,0.9989972001797791
25.960780390195094,1.0001447872124853
25.97448724362181,0.9980913401251247
25.98819409704852,1.0013506626791746
26.001900950475235,0.9986564228162492
26.015607803901947,0.9993681450175543
26.029314657328662,0.9996038082078614
26.043021510755374,1.0024312920978866
26.05672836418209,1.0009990282788412
26.070435217608804,1.0001860883463773
26.084142071035515,1.0027645756443477
26.09784892446223,0.9994154788838431
26.11155577788894,0.9988167623297787
26.125262631315657,0.9996938533310517
26.13896948474237,1.0036973737752881
26.152676338169083,1.0036620805729313
26.166383191595795,0.9997536237450555
26.18009004502251,0.9980259995453579
26.19379689844922,1.0017037389815855
26.207503751875937,1.0025502372826747
26.221210605302648,0.997530242196194
26.234917458729363,1.0017595066169538
26.248624312156075,0.9983803256793521
26.26233116558279,0.9997933473406316
26.2760380190095,0.9972165711966653
26.289744872436216,1.0003781809794055
26.303451725862928,1.0013471771749396
26.317158579289643,1.0023571931554704
26.330865432716354,1.0004835104619472
26.34457228614307,1.0015062024488843
26.35827913956978,1.0026202755600573
26.371985992996496,1.0042154805736367
26.385692846423208,1.0000994467914819
26.399399699849923,1.004183555354099
26.413106553276634,0.9967515605616943
26.42681340670335,0.9994660744744788
26.44052026013006,1.0011930273026475
26.454227113556776,0.9998265321810769
26.46793396698349,1.0006866856737588
26.481640820410203,1.001551707992121
26.495347673836918,1.0046051480263185
26.50905452726363,1.0026046730519618
26.522761380690344,0.9995066750618473
26.536468234117056,0.9982544752853943
26.55017508754377,0.9995759677159421
26.563881940970482,1.0012072978678428
26.577588794397197,0.9975066956908999
26.59129564782391,1.001251005372662
26.605002501250624,0.9972174614289366
26.618709354677335,1.0011771125214648
26.63241620810405,0.9998667597346494
26.646123061530762,0.9987709970069256
26.659829914957477,0.9993138937659005
26.67353676838419,1.0022453461069427
26.687243621810904,1.0001952406233157
26.700950475237615,1.0020222290661116
26.71465732866433,0.9978383589898049
26.728364182091042,1.002766268099888
26.742071035517757,0.9994029202145142
26.75577788894447,0.9985280218005333
26.769484742371183,0.9994411157856522
26.783191595797895,0.9987140309379763
26.79689844922461,1.0006196825707472
26.81060530265132,1.0005807681143506
26.824312156078037,0.9996151509899881
26.838019009504748,1.0006103217403388
26.851725862931463,0.9992288752245765
26.865432716358175,1.0003091492946923
26.87913956978489,0.9970264207477164
26.892846423211605,0.9981117774685485
26.906553276638316,0.9994868554755547
26.92026013006503,0.9995033965770188
26.933966983491743,0.99927990326427
26.947673836918458,0.9981997947387528
26.96138069034517,1.0018645858121682
26.975087543771885,0.998673774007196
26.988794397198596,0.99938983530822
27.00250125062531,1.001669348144535
27.016208104052023,1.001608296703382
27.029914957478738,0.9967297459994005
27.04362181090545,1.001087385457056
27.057328664332164,0.9989223035145449
27.071035517758876,0.987035209863427
27.08474237118559,0.8473448289064902
27.098449224612303,0.7109375475219071
27.112156078039018,0.7033512924079203
27.12586293146573,0.7037640216650487
27.139569784892444,0.7029654081056711
27.153276638319156,0.7031635224651267
27.16698349174587,0.7016592576422398
27.180690345172582,0.7042271882677364
27.194397198599297,0.702624113885475
27.20810405202601,0.7000626273736348
27.221810905452724,0.7035966335278927
27.235517758879435,0.7005586681371265
27.24922461230615,0.830560938210689
27.262931465732862,0.9699045339108923
27.276638319159577,1.00016251623224
27.290345172586292,1.0022464757583713
27.304052026013004,1.0006062375948088
27.31775887943972,1.0004367676028714
27.33146573286643,1.0006161513442486
27.345172586293145,1.006496547081568
27.358879439719857,0.9975775676186487
27.372586293146572,0.9980794083313719
27.386293146573284,1.0025019954862098
27.4,1.0059006135733952
